wavelength,intensity,error,status,Version,IDData,IDDevice,IDDataType,IDDataTypeSub1,IDDataTypeSub2,IDDataTypeSub3,DateTime,PositionLatitude,PositionLongitude,Comment,CommentSub1,CommentSub2,CommentSub3,IDMethodType,MethodName,Mission,MissionSub,RecordType,CalFactor,IDBasisSpec,IDDataBack,IDDataCal,IntegrationTime,P31,P31e,PathLength,PathLengthCustomOn,RAWDynamic,Salinity,Temperature,Unit1,Unit2,Unit3,Unit4,p999
307.52331957488,0,0,0,1,95A7_2019-06-16_14-30-50_000_038,SAM_8589,SPECTRUM,CALIBRATED,,,2019-06-16 14:30:50,0,0,,,,,SAM Control,SAM_8589,No Mission,1,0,1,,DLAB_2018-04-12_14-51-44_608_165,DLAB_2018-04-13_12-52-31_209_732,32,-1,0,+INF,0,65535,0,-NAN,$01 $01 Wavelength nm,$03 $06 Intensity mW/(m^2 nm),$f0 $06 Error mW/(m^2 nm),$f1 $00 Status,2
310.83625202772,0,0,0,1,95A7_2019-06-16_14-30-50_000_038,SAM_8589,SPECTRUM,CALIBRATED,,,2019-06-16 14:30:50,0,0,,,,,SAM Control,SAM_8589,No Mission,1,0,1,,DLAB_2018-04-12_14-51-44_608_165,DLAB_2018-04-13_12-52-31_209_732,32,-1,0,+INF,0,65535,0,-NAN,$01 $01 Wavelength nm,$03 $06 Intensity mW/(m^2 nm),$f0 $06 Error mW/(m^2 nm),$f1 $00 Status,2
314.15001779904,0,0,0,1,95A7_2019-06-16_14-30-50_000_038,SAM_8589,SPECTRUM,CALIBRATED,,,2019-06-16 14:30:50,0,0,,,,,SAM Control,SAM_8589,No Mission,1,0,1,,DLAB_2018-04-12_14-51-44_608_165,DLAB_2018-04-13_12-52-31_209_732,32,-1,0,+INF,0,65535,0,-NAN,$01 $01 Wavelength nm,$03 $06 Intensity mW/(m^2 nm),$f0 $06 Error mW/(m^2 nm),$f1 $00 Status,2
317.464605545,106.195732494335,0,0,1,95A7_2019-06-16_14-30-50_000_038,SAM_8589,SPECTRUM,CALIBRATED,,,2019-06-16 14:30:50,0,0,,,,,SAM Control,SAM_8589,No Mission,1,0,1,,DLAB_2018-04-12_14-51-44_608_165,DLAB_2018-04-13_12-52-31_209_732,32,-1,0,+INF,0,65535,0,-NAN,$01 $01 Wavelength nm,$03 $06 Intensity mW/(m^2 nm),$f0 $06 Error mW/(m^2 nm),$f1 $00 Status,2
320.78000392176,131.573345007428,0,0,1,95A7_2019-06-16_14-30-50_000_038,SAM_8589,SPECTRUM,CALIBRATED,,,2019-06-16 14:30:50,0,0,,,,,SAM Control,SAM_8589,No Mission,1,0,1,,DLAB_2018-04-12_14-51-44_608_165,DLAB_2018-04-13_12-52-31_209_732,32,-1,0,+INF,0,65535,0,-NAN,$01 $01 Wavelength nm,$03 $06 Intensity mW/(m^2 nm),$f0 $06 Error mW/(m^2 nm),$f1 $00 Status,2
324.09620158548,160.886371957821,0,0,1,95A7_2019-06-16_14-30-50_000_038,SAM_8589,SPECTRUM,CALIBRATED,,,2019-06-16 14:30:50,0,0,,,,,SAM Control,SAM_8589,No Mission,1,0,1,,DLAB_2018-04-12_14-51-44_608_165,DLAB_2018-04-13_12-52-31_209_732,32,-1,0,+INF,0,65535,0,-NAN,$01 $01 Wavelength nm,$03 $06 Intensity mW/(m^2 nm),$f0 $06 Error mW/(m^2 nm),$f1 $00 Status,2
327.41318719232,191.720703438526,0,0,1,95A7_2019-06-16_14-30-50_000_038,SAM_8589,SPECTRUM,CALIBRATED,,,2019-06-16 14:30:50,0,0,,,,,SAM Control,SAM_8589,No Mission,1,0,1,,DLAB_2018-04-12_14-51-44_608_165,DLAB_2018-04-13_12-52-31_209_732,32,-1,0,+INF,0,65535,0,-NAN,$01 $01 Wavelength nm,$03 $06 Intensity mW/(m^2 nm),$f0 $06 Error mW/(m^2 nm),$f1 $00 Status,2
330.73094939844,213.656241054213,0,0,1,95A7_2019-06-16_14-30-50_000_038,SAM_8589,SPECTRUM,CALIBRATED,,,2019-06-16 14:30:50,0,0,,,,,SAM Control,SAM_8589,No Mission,1,0,1,,DLAB_2018-04-12_14-51-44_608_165,DLAB_2018-04-13_12-52-31_209_732,32,-1,0,+INF,0,65535,0,-NAN,$01 $01 Wavelength nm,$03 $06 Intensity mW/(m^2 nm),$f0 $06 Error mW/(m^2 nm),$f1 $00 Status,2
334.04947686,222.920062403406,0,0,1,95A7_2019-06-16_14-30-50_000_038,SAM_8589,SPECTRUM,CALIBRATED,,,2019-06-16 14:30:50,0,0,,,,,SAM Control,SAM_8589,No Mission,1,0,1,,DLAB_2018-04-12_14-51-44_608_165,DLAB_2018-04-13_12-52-31_209_732,32,-1,0,+INF,0,65535,0,-NAN,$01 $01 Wavelength nm,$03 $06 Intensity mW/(m^2 nm),$f0 $06 Error mW/(m^2 nm),$f1 $00 Status,2
337.36875823316,229.986499598917,0,0,1,95A7_2019-06-16_14-30-50_000_038,SAM_8589,SPECTRUM,CALIBRATED,,,2019-06-16 14:30:50,0,0,,,,,SAM Control,SAM_8589,No Mission,1,0,1,,DLAB_2018-04-12_14-51-44_608_165,DLAB_2018-04-13_12-52-31_209_732,32,-1,0,+INF,0,65535,0,-NAN,$01 $01 Wavelength nm,$03 $06 Intensity mW/(m^2 nm),$f0 $06 Error mW/(m^2 nm),$f1 $00 Status,2
340.68878217408,238.808481001538,0,0,1,95A7_2019-06-16_14-30-50_000_038,SAM_8589,SPECTRUM,CALIBRATED,,,2019-06-16 14:30:50,0,0,,,,,SAM Control,SAM_8589,No Mission,1,0,1,,DLAB_2018-04-12_14-51-44_608_165,DLAB_2018-04-13_12-52-31_209_732,32,-1,0,+INF,0,65535,0,-NAN,$01 $01 Wavelength nm,$03 $06 Intensity mW/(m^2 nm),$f0 $06 Error mW/(m^2 nm),$f1 $00 Status,2
344.00953733892,246.215809558638,0,0,1,95A7_2019-06-16_14-30-50_000_038,SAM_8589,SPECTRUM,CALIBRATED,,,2019-06-16 14:30:50,0,0,,,,,SAM Control,SAM_8589,No Mission,1,0,1,,DLAB_2018-04-12_14-51-44_608_165,DLAB_2018-04-13_12-52-31_209_732,32,-1,0,+INF,0,65535,0,-NAN,$01 $01 Wavelength nm,$03 $06 Intensity mW/(m^2 nm),$f0 $06 Error mW/(m^2 nm),$f1 $00 Status,2
347.33101238384,253.601027193771,0,0,1,95A7_2019-06-16_14-30-50_000_038,SAM_8589,SPECTRUM,CALIBRATED,,,2019-06-16 14:30:50,0,0,,,,,SAM Control,SAM_8589,No Mission,1,0,1,,DLAB_2018-04-12_14-51-44_608_165,DLAB_2018-04-13_12-52-31_209_732,32,-1,0,+INF,0,65535,0,-NAN,$01 $01 Wavelength nm,$03 $06 Intensity mW/(m^2 nm),$f0 $06 Error mW/(m^2 nm),$f1 $00 Status,2
350.653195965,266.930870954423,0,0,1,95A7_2019-06-16_14-30-50_000_038,SAM_8589,SPECTRUM,CALIBRATED,,,2019-06-16 14:30:50,0,0,,,,,SAM Control,SAM_8589,No Mission,1,0,1,,DLAB_2018-04-12_14-51-44_608_165,DLAB_2018-04-13_12-52-31_209_732,32,-1,0,+INF,0,65535,0,-NAN,$01 $01 Wavelength nm,$03 $06 Intensity mW/(m^2 nm),$f0 $06 Error mW/(m^2 nm),$f1 $00 Status,2
353.97607673856,272.701334430305,0,0,1,95A7_2019-06-16_14-30-50_000_038,SAM_8589,SPECTRUM,CALIBRATED,,,2019-06-16 14:30:50,0,0,,,,,SAM Control,SAM_8589,No Mission,1,0,1,,DLAB_2018-04-12_14-51-44_608_165,DLAB_2018-04-13_12-52-31_209_732,32,-1,0,+INF,0,65535,0,-NAN,$01 $01 Wavelength nm,$03 $06 Intensity mW/(m^2 nm),$f0 $06 Error mW/(m^2 nm),$f1 $00 Status,2
357.29964336068,271.122717591117,0,0,1,95A7_2019-06-16_14-30-50_000_038,SAM_8589,SPECTRUM,CALIBRATED,,,2019-06-16 14:30:50,0,0,,,,,SAM Control,SAM_8589,No Mission,1,0,1,,DLAB_2018-04-12_14-51-44_608_165,DLAB_2018-04-13_12-52-31_209_732,32,-1,0,+INF,0,65535,0,-NAN,$01 $01 Wavelength nm,$03 $06 Intensity mW/(m^2 nm),$f0 $06 Error mW/(m^2 nm),$f1 $00 Status,2
360.62388448752,278.933248879458,0,0,1,95A7_2019-06-16_14-30-50_000_038,SAM_8589,SPECTRUM,CALIBRATED,,,2019-06-16 14:30:50,0,0,,,,,SAM Control,SAM_8589,No Mission,1,0,1,,DLAB_2018-04-12_14-51-44_608_165,DLAB_2018-04-13_12-52-31_209_732,32,-1,0,+INF,0,65535,0,-NAN,$01 $01 Wavelength nm,$03 $06 Intensity mW/(m^2 nm),$f0 $06 Error mW/(m^2 nm),$f1 $00 Status,2
363.94878877524,308.231534092279,0,0,1,95A7_2019-06-16_14-30-50_000_038,SAM_8589,SPECTRUM,CALIBRATED,,,2019-06-16 14:30:50,0,0,,,,,SAM Control,SAM_8589,No Mission,1,0,1,,DLAB_2018-04-12_14-51-44_608_165,DLAB_2018-04-13_12-52-31_209_732,32,-1,0,+INF,0,65535,0,-NAN,$01 $01 Wavelength nm,$03 $06 Intensity mW/(m^2 nm),$f0 $06 Error mW/(m^2 nm),$f1 $00 Status,2
367.27434488,331.802142688583,0,0,1,95A7_2019-06-16_14-30-50_000_038,SAM_8589,SPECTRUM,CALIBRATED,,,2019-06-16 14:30:50,0,0,,,,,SAM Control,SAM_8589,No Mission,1,0,1,,DLAB_2018-04-12_14-51-44_608_165,DLAB_2018-04-13_12-52-31_209_732,32,-1,0,+INF,0,65535,0,-NAN,$01 $01 Wavelength nm,$03 $06 Intensity mW/(m^2 nm),$f0 $06 Error mW/(m^2 nm),$f1 $00 Status,2
370.60054145796,330.335654095016,0,0,1,95A7_2019-06-16_14-30-50_000_038,SAM_8589,SPECTRUM,CALIBRATED,,,2019-06-16 14:30:50,0,0,,,,,SAM Control,SAM_8589,No Mission,1,0,1,,DLAB_2018-04-12_14-51-44_608_165,DLAB_2018-04-13_12-52-31_209_732,32,-1,0,+INF,0,65535,0,-NAN,$01 $01 Wavelength nm,$03 $06 Intensity mW/(m^2 nm),$f0 $06 Error mW/(m^2 nm),$f1 $00 Status,2
373.92736716528,326.999400508888,0,0,1,95A7_2019-06-16_14-30-50_000_038,SAM_8589,SPECTRUM,CALIBRATED,,,2019-06-16 14:30:50,0,0,,,,,SAM Control,SAM_8589,No Mission,1,0,1,,DLAB_2018-04-12_14-51-44_608_165,DLAB_2018-04-13_12-52-31_209_732,32,-1,0,+INF,0,65535,0,-NAN,$01 $01 Wavelength nm,$03 $06 Intensity mW/(m^2 nm),$f0 $06 Error mW/(m^2 nm),$f1 $00 Status,2
377.25481065812,331.416701902428,0,0,1,95A7_2019-06-16_14-30-50_000_038,SAM_8589,SPECTRUM,CALIBRATED,,,2019-06-16 14:30:50,0,0,,,,,SAM Control,SAM_8589,No Mission,1,0,1,,DLAB_2018-04-12_14-51-44_608_165,DLAB_2018-04-13_12-52-31_209_732,32,-1,0,+INF,0,65535,0,-NAN,$01 $01 Wavelength nm,$03 $06 Intensity mW/(m^2 nm),$f0 $06 Error mW/(m^2 nm),$f1 $00 Status,2
380.58286059264,319.329772432117,0,0,1,95A7_2019-06-16_14-30-50_000_038,SAM_8589,SPECTRUM,CALIBRATED,,,2019-06-16 14:30:50,0,0,,,,,SAM Control,SAM_8589,No Mission,1,0,1,,DLAB_2018-04-12_14-51-44_608_165,DLAB_2018-04-13_12-52-31_209_732,32,-1,0,+INF,0,65535,0,-NAN,$01 $01 Wavelength nm,$03 $06 Intensity mW/(m^2 nm),$f0 $06 Error mW/(m^2 nm),$f1 $00 Status,2
383.911505625,303.814304282538,0,0,1,95A7_2019-06-16_14-30-50_000_038,SAM_8589,SPECTRUM,CALIBRATED,,,2019-06-16 14:30:50,0,0,,,,,SAM Control,SAM_8589,No Mission,1,0,1,,DLAB_2018-04-12_14-51-44_608_165,DLAB_2018-04-13_12-52-31_209_732,32,-1,0,+INF,0,65535,0,-NAN,$01 $01 Wavelength nm,$03 $06 Intensity mW/(m^2 nm),$f0 $06 Error mW/(m^2 nm),$f1 $00 Status,2
387.24073441136,317.076205410168,0,0,1,95A7_2019-06-16_14-30-50_000_038,SAM_8589,SPECTRUM,CALIBRATED,,,2019-06-16 14:30:50,0,0,,,,,SAM Control,SAM_8589,No Mission,1,0,1,,DLAB_2018-04-12_14-51-44_608_165,DLAB_2018-04-13_12-52-31_209_732,32,-1,0,+INF,0,65535,0,-NAN,$01 $01 Wavelength nm,$03 $06 Intensity mW/(m^2 nm),$f0 $06 Error mW/(m^2 nm),$f1 $00 Status,2
390.57053560788,328.1058721164,0,0,1,95A7_2019-06-16_14-30-50_000_038,SAM_8589,SPECTRUM,CALIBRATED,,,2019-06-16 14:30:50,0,0,,,,,SAM Control,SAM_8589,No Mission,1,0,1,,DLAB_2018-04-12_14-51-44_608_165,DLAB_2018-04-13_12-52-31_209_732,32,-1,0,+INF,0,65535,0,-NAN,$01 $01 Wavelength nm,$03 $06 Intensity mW/(m^2 nm),$f0 $06 Error mW/(m^2 nm),$f1 $00 Status,2
393.90089787072,338.894646563736,0,0,1,95A7_2019-06-16_14-30-50_000_038,SAM_8589,SPECTRUM,CALIBRATED,,,2019-06-16 14:30:50,0,0,,,,,SAM Control,SAM_8589,No Mission,1,0,1,,DLAB_2018-04-12_14-51-44_608_165,DLAB_2018-04-13_12-52-31_209_732,32,-1,0,+INF,0,65535,0,-NAN,$01 $01 Wavelength nm,$03 $06 Intensity mW/(m^2 nm),$f0 $06 Error mW/(m^2 nm),$f1 $00 Status,2
397.23180985604,399.07947143428,0,0,1,95A7_2019-06-16_14-30-50_000_038,SAM_8589,SPECTRUM,CALIBRATED,,,2019-06-16 14:30:50,0,0,,,,,SAM Control,SAM_8589,No Mission,1,0,1,,DLAB_2018-04-12_14-51-44_608_165,DLAB_2018-04-13_12-52-31_209_732,32,-1,0,+INF,0,65535,0,-NAN,$01 $01 Wavelength nm,$03 $06 Intensity mW/(m^2 nm),$f0 $06 Error mW/(m^2 nm),$f1 $00 Status,2
400.56326022,480.723936586747,0,0,1,95A7_2019-06-16_14-30-50_000_038,SAM_8589,SPECTRUM,CALIBRATED,,,2019-06-16 14:30:50,0,0,,,,,SAM Control,SAM_8589,No Mission,1,0,1,,DLAB_2018-04-12_14-51-44_608_165,DLAB_2018-04-13_12-52-31_209_732,32,-1,0,+INF,0,65535,0,-NAN,$01 $01 Wavelength nm,$03 $06 Intensity mW/(m^2 nm),$f0 $06 Error mW/(m^2 nm),$f1 $00 Status,2
403.89523761876,524.267893687056,0,0,1,95A7_2019-06-16_14-30-50_000_038,SAM_8589,SPECTRUM,CALIBRATED,,,2019-06-16 14:30:50,0,0,,,,,SAM Control,SAM_8589,No Mission,1,0,1,,DLAB_2018-04-12_14-51-44_608_165,DLAB_2018-04-13_12-52-31_209_732,32,-1,0,+INF,0,65535,0,-NAN,$01 $01 Wavelength nm,$03 $06 Intensity mW/(m^2 nm),$f0 $06 Error mW/(m^2 nm),$f1 $00 Status,2
407.22773070848,534.487788010392,0,0,1,95A7_2019-06-16_14-30-50_000_038,SAM_8589,SPECTRUM,CALIBRATED,,,2019-06-16 14:30:50,0,0,,,,,SAM Control,SAM_8589,No Mission,1,0,1,,DLAB_2018-04-12_14-51-44_608_165,DLAB_2018-04-13_12-52-31_209_732,32,-1,0,+INF,0,65535,0,-NAN,$01 $01 Wavelength nm,$03 $06 Intensity mW/(m^2 nm),$f0 $06 Error mW/(m^2 nm),$f1 $00 Status,2
410.56072814532,549.747826444824,0,0,1,95A7_2019-06-16_14-30-50_000_038,SAM_8589,SPECTRUM,CALIBRATED,,,2019-06-16 14:30:50,0,0,,,,,SAM Control,SAM_8589,No Mission,1,0,1,,DLAB_2018-04-12_14-51-44_608_165,DLAB_2018-04-13_12-52-31_209_732,32,-1,0,+INF,0,65535,0,-NAN,$01 $01 Wavelength nm,$03 $06 Intensity mW/(m^2 nm),$f0 $06 Error mW/(m^2 nm),$f1 $00 Status,2
413.89421858544,563.23305146348,0,0,1,95A7_2019-06-16_14-30-50_000_038,SAM_8589,SPECTRUM,CALIBRATED,,,2019-06-16 14:30:50,0,0,,,,,SAM Control,SAM_8589,No Mission,1,0,1,,DLAB_2018-04-12_14-51-44_608_165,DLAB_2018-04-13_12-52-31_209_732,32,-1,0,+INF,0,65535,0,-NAN,$01 $01 Wavelength nm,$03 $06 Intensity mW/(m^2 nm),$f0 $06 Error mW/(m^2 nm),$f1 $00 Status,2
417.228190685,566.176448007724,0,0,1,95A7_2019-06-16_14-30-50_000_038,SAM_8589,SPECTRUM,CALIBRATED,,,2019-06-16 14:30:50,0,0,,,,,SAM Control,SAM_8589,No Mission,1,0,1,,DLAB_2018-04-12_14-51-44_608_165,DLAB_2018-04-13_12-52-31_209_732,32,-1,0,+INF,0,65535,0,-NAN,$01 $01 Wavelength nm,$03 $06 Intensity mW/(m^2 nm),$f0 $06 Error mW/(m^2 nm),$f1 $00 Status,2
420.56263310016,562.673424852111,0,0,1,95A7_2019-06-16_14-30-50_000_038,SAM_8589,SPECTRUM,CALIBRATED,,,2019-06-16 14:30:50,0,0,,,,,SAM Control,SAM_8589,No Mission,1,0,1,,DLAB_2018-04-12_14-51-44_608_165,DLAB_2018-04-13_12-52-31_209_732,32,-1,0,+INF,0,65535,0,-NAN,$01 $01 Wavelength nm,$03 $06 Intensity mW/(m^2 nm),$f0 $06 Error mW/(m^2 nm),$f1 $00 Status,2
423.89753448708,553.3580501103,0,0,1,95A7_2019-06-16_14-30-50_000_038,SAM_8589,SPECTRUM,CALIBRATED,,,2019-06-16 14:30:50,0,0,,,,,SAM Control,SAM_8589,No Mission,1,0,1,,DLAB_2018-04-12_14-51-44_608_165,DLAB_2018-04-13_12-52-31_209_732,32,-1,0,+INF,0,65535,0,-NAN,$01 $01 Wavelength nm,$03 $06 Intensity mW/(m^2 nm),$f0 $06 Error mW/(m^2 nm),$f1 $00 Status,2
427.23288350192,530.314563352328,0,0,1,95A7_2019-06-16_14-30-50_000_038,SAM_8589,SPECTRUM,CALIBRATED,,,2019-06-16 14:30:50,0,0,,,,,SAM Control,SAM_8589,No Mission,1,0,1,,DLAB_2018-04-12_14-51-44_608_165,DLAB_2018-04-13_12-52-31_209_732,32,-1,0,+INF,0,65535,0,-NAN,$01 $01 Wavelength nm,$03 $06 Intensity mW/(m^2 nm),$f0 $06 Error mW/(m^2 nm),$f1 $00 Status,2
430.56866880084,526.564481961109,0,0,1,95A7_2019-06-16_14-30-50_000_038,SAM_8589,SPECTRUM,CALIBRATED,,,2019-06-16 14:30:50,0,0,,,,,SAM Control,SAM_8589,No Mission,1,0,1,,DLAB_2018-04-12_14-51-44_608_165,DLAB_2018-04-13_12-52-31_209_732,32,-1,0,+INF,0,65535,0,-NAN,$01 $01 Wavelength nm,$03 $06 Intensity mW/(m^2 nm),$f0 $06 Error mW/(m^2 nm),$f1 $00 Status,2
433.90487904,552.332420803501,0,0,1,95A7_2019-06-16_14-30-50_000_038,SAM_8589,SPECTRUM,CALIBRATED,,,2019-06-16 14:30:50,0,0,,,,,SAM Control,SAM_8589,No Mission,1,0,1,,DLAB_2018-04-12_14-51-44_608_165,DLAB_2018-04-13_12-52-31_209_732,32,-1,0,+INF,0,65535,0,-NAN,$01 $01 Wavelength nm,$03 $06 Intensity mW/(m^2 nm),$f0 $06 Error mW/(m^2 nm),$f1 $00 Status,2
437.24150287556,583.99693444355,0,0,1,95A7_2019-06-16_14-30-50_000_038,SAM_8589,SPECTRUM,CALIBRATED,,,2019-06-16 14:30:50,0,0,,,,,SAM Control,SAM_8589,No Mission,1,0,1,,DLAB_2018-04-12_14-51-44_608_165,DLAB_2018-04-13_12-52-31_209_732,32,-1,0,+INF,0,65535,0,-NAN,$01 $01 Wavelength nm,$03 $06 Intensity mW/(m^2 nm),$f0 $06 Error mW/(m^2 nm),$f1 $00 Status,2
440.57852896368,609.204645385193,0,0,1,95A7_2019-06-16_14-30-50_000_038,SAM_8589,SPECTRUM,CALIBRATED,,,2019-06-16 14:30:50,0,0,,,,,SAM Control,SAM_8589,No Mission,1,0,1,,DLAB_2018-04-12_14-51-44_608_165,DLAB_2018-04-13_12-52-31_209_732,32,-1,0,+INF,0,65535,0,-NAN,$01 $01 Wavelength nm,$03 $06 Intensity mW/(m^2 nm),$f0 $06 Error mW/(m^2 nm),$f1 $00 Status,2
443.91594596052,637.206315206589,0,0,1,95A7_2019-06-16_14-30-50_000_038,SAM_8589,SPECTRUM,CALIBRATED,,,2019-06-16 14:30:50,0,0,,,,,SAM Control,SAM_8589,No Mission,1,0,1,,DLAB_2018-04-12_14-51-44_608_165,DLAB_2018-04-13_12-52-31_209_732,32,-1,0,+INF,0,65535,0,-NAN,$01 $01 Wavelength nm,$03 $06 Intensity mW/(m^2 nm),$f0 $06 Error mW/(m^2 nm),$f1 $00 Status,2
447.25374252224,662.440038634321,0,0,1,95A7_2019-06-16_14-30-50_000_038,SAM_8589,SPECTRUM,CALIBRATED,,,2019-06-16 14:30:50,0,0,,,,,SAM Control,SAM_8589,No Mission,1,0,1,,DLAB_2018-04-12_14-51-44_608_165,DLAB_2018-04-13_12-52-31_209_732,32,-1,0,+INF,0,65535,0,-NAN,$01 $01 Wavelength nm,$03 $06 Intensity mW/(m^2 nm),$f0 $06 Error mW/(m^2 nm),$f1 $00 Status,2
450.591907305,678.661587531448,0,0,1,95A7_2019-06-16_14-30-50_000_038,SAM_8589,SPECTRUM,CALIBRATED,,,2019-06-16 14:30:50,0,0,,,,,SAM Control,SAM_8589,No Mission,1,0,1,,DLAB_2018-04-12_14-51-44_608_165,DLAB_2018-04-13_12-52-31_209_732,32,-1,0,+INF,0,65535,0,-NAN,$01 $01 Wavelength nm,$03 $06 Intensity mW/(m^2 nm),$f0 $06 Error mW/(m^2 nm),$f1 $00 Status,2
453.93042896496,686.026559521599,0,0,1,95A7_2019-06-16_14-30-50_000_038,SAM_8589,SPECTRUM,CALIBRATED,,,2019-06-16 14:30:50,0,0,,,,,SAM Control,SAM_8589,No Mission,1,0,1,,DLAB_2018-04-12_14-51-44_608_165,DLAB_2018-04-13_12-52-31_209_732,32,-1,0,+INF,0,65535,0,-NAN,$01 $01 Wavelength nm,$03 $06 Intensity mW/(m^2 nm),$f0 $06 Error mW/(m^2 nm),$f1 $00 Status,2
457.26929615828,689.625000480843,0,0,1,95A7_2019-06-16_14-30-50_000_038,SAM_8589,SPECTRUM,CALIBRATED,,,2019-06-16 14:30:50,0,0,,,,,SAM Control,SAM_8589,No Mission,1,0,1,,DLAB_2018-04-12_14-51-44_608_165,DLAB_2018-04-13_12-52-31_209_732,32,-1,0,+INF,0,65535,0,-NAN,$01 $01 Wavelength nm,$03 $06 Intensity mW/(m^2 nm),$f0 $06 Error mW/(m^2 nm),$f1 $00 Status,2
460.60849754112,693.949290881625,0,0,1,95A7_2019-06-16_14-30-50_000_038,SAM_8589,SPECTRUM,CALIBRATED,,,2019-06-16 14:30:50,0,0,,,,,SAM Control,SAM_8589,No Mission,1,0,1,,DLAB_2018-04-12_14-51-44_608_165,DLAB_2018-04-13_12-52-31_209_732,32,-1,0,+INF,0,65535,0,-NAN,$01 $01 Wavelength nm,$03 $06 Intensity mW/(m^2 nm),$f0 $06 Error mW/(m^2 nm),$f1 $00 Status,2
463.94802176964,691.147930604081,0,0,1,95A7_2019-06-16_14-30-50_000_038,SAM_8589,SPECTRUM,CALIBRATED,,,2019-06-16 14:30:50,0,0,,,,,SAM Control,SAM_8589,No Mission,1,0,1,,DLAB_2018-04-12_14-51-44_608_165,DLAB_2018-04-13_12-52-31_209_732,32,-1,0,+INF,0,65535,0,-NAN,$01 $01 Wavelength nm,$03 $06 Intensity mW/(m^2 nm),$f0 $06 Error mW/(m^2 nm),$f1 $00 Status,2
467.2878575,683.805072457034,0,0,1,95A7_2019-06-16_14-30-50_000_038,SAM_8589,SPECTRUM,CALIBRATED,,,2019-06-16 14:30:50,0,0,,,,,SAM Control,SAM_8589,No Mission,1,0,1,,DLAB_2018-04-12_14-51-44_608_165,DLAB_2018-04-13_12-52-31_209_732,32,-1,0,+INF,0,65535,0,-NAN,$01 $01 Wavelength nm,$03 $06 Intensity mW/(m^2 nm),$f0 $06 Error mW/(m^2 nm),$f1 $00 Status,2
470.62799338836,683.790104920499,0,0,1,95A7_2019-06-16_14-30-50_000_038,SAM_8589,SPECTRUM,CALIBRATED,,,2019-06-16 14:30:50,0,0,,,,,SAM Control,SAM_8589,No Mission,1,0,1,,DLAB_2018-04-12_14-51-44_608_165,DLAB_2018-04-13_12-52-31_209_732,32,-1,0,+INF,0,65535,0,-NAN,$01 $01 Wavelength nm,$03 $06 Intensity mW/(m^2 nm),$f0 $06 Error mW/(m^2 nm),$f1 $00 Status,2
473.96841809088,690.656612660565,0,0,1,95A7_2019-06-16_14-30-50_000_038,SAM_8589,SPECTRUM,CALIBRATED,,,2019-06-16 14:30:50,0,0,,,,,SAM Control,SAM_8589,No Mission,1,0,1,,DLAB_2018-04-12_14-51-44_608_165,DLAB_2018-04-13_12-52-31_209_732,32,-1,0,+INF,0,65535,0,-NAN,$01 $01 Wavelength nm,$03 $06 Intensity mW/(m^2 nm),$f0 $06 Error mW/(m^2 nm),$f1 $00 Status,2
477.30912026372,698.308010124486,0,0,1,95A7_2019-06-16_14-30-50_000_038,SAM_8589,SPECTRUM,CALIBRATED,,,2019-06-16 14:30:50,0,0,,,,,SAM Control,SAM_8589,No Mission,1,0,1,,DLAB_2018-04-12_14-51-44_608_165,DLAB_2018-04-13_12-52-31_209_732,32,-1,0,+INF,0,65535,0,-NAN,$01 $01 Wavelength nm,$03 $06 Intensity mW/(m^2 nm),$f0 $06 Error mW/(m^2 nm),$f1 $00 Status,2
480.65008856304,694.783086961967,0,0,1,95A7_2019-06-16_14-30-50_000_038,SAM_8589,SPECTRUM,CALIBRATED,,,2019-06-16 14:30:50,0,0,,,,,SAM Control,SAM_8589,No Mission,1,0,1,,DLAB_2018-04-12_14-51-44_608_165,DLAB_2018-04-13_12-52-31_209_732,32,-1,0,+INF,0,65535,0,-NAN,$01 $01 Wavelength nm,$03 $06 Intensity mW/(m^2 nm),$f0 $06 Error mW/(m^2 nm),$f1 $00 Status,2
483.991311645,673.522369869753,0,0,1,95A7_2019-06-16_14-30-50_000_038,SAM_8589,SPECTRUM,CALIBRATED,,,2019-06-16 14:30:50,0,0,,,,,SAM Control,SAM_8589,No Mission,1,0,1,,DLAB_2018-04-12_14-51-44_608_165,DLAB_2018-04-13_12-52-31_209_732,32,-1,0,+INF,0,65535,0,-NAN,$01 $01 Wavelength nm,$03 $06 Intensity mW/(m^2 nm),$f0 $06 Error mW/(m^2 nm),$f1 $00 Status,2
487.33277816576,659.328050631316,0,0,1,95A7_2019-06-16_14-30-50_000_038,SAM_8589,SPECTRUM,CALIBRATED,,,2019-06-16 14:30:50,0,0,,,,,SAM Control,SAM_8589,No Mission,1,0,1,,DLAB_2018-04-12_14-51-44_608_165,DLAB_2018-04-13_12-52-31_209_732,32,-1,0,+INF,0,65535,0,-NAN,$01 $01 Wavelength nm,$03 $06 Intensity mW/(m^2 nm),$f0 $06 Error mW/(m^2 nm),$f1 $00 Status,2
490.67447678148,665.587584293197,0,0,1,95A7_2019-06-16_14-30-50_000_038,SAM_8589,SPECTRUM,CALIBRATED,,,2019-06-16 14:30:50,0,0,,,,,SAM Control,SAM_8589,No Mission,1,0,1,,DLAB_2018-04-12_14-51-44_608_165,DLAB_2018-04-13_12-52-31_209_732,32,-1,0,+INF,0,65535,0,-NAN,$01 $01 Wavelength nm,$03 $06 Intensity mW/(m^2 nm),$f0 $06 Error mW/(m^2 nm),$f1 $00 Status,2
494.01639614832,673.717066030055,0,0,1,95A7_2019-06-16_14-30-50_000_038,SAM_8589,SPECTRUM,CALIBRATED,,,2019-06-16 14:30:50,0,0,,,,,SAM Control,SAM_8589,No Mission,1,0,1,,DLAB_2018-04-12_14-51-44_608_165,DLAB_2018-04-13_12-52-31_209_732,32,-1,0,+INF,0,65535,0,-NAN,$01 $01 Wavelength nm,$03 $06 Intensity mW/(m^2 nm),$f0 $06 Error mW/(m^2 nm),$f1 $00 Status,2
497.35852492244,670.113847994709,0,0,1,95A7_2019-06-16_14-30-50_000_038,SAM_8589,SPECTRUM,CALIBRATED,,,2019-06-16 14:30:50,0,0,,,,,SAM Control,SAM_8589,No Mission,1,0,1,,DLAB_2018-04-12_14-51-44_608_165,DLAB_2018-04-13_12-52-31_209_732,32,-1,0,+INF,0,65535,0,-NAN,$01 $01 Wavelength nm,$03 $06 Intensity mW/(m^2 nm),$f0 $06 Error mW/(m^2 nm),$f1 $00 Status,2
500.70085176,661.642087560808,0,0,1,95A7_2019-06-16_14-30-50_000_038,SAM_8589,SPECTRUM,CALIBRATED,,,2019-06-16 14:30:50,0,0,,,,,SAM Control,SAM_8589,No Mission,1,0,1,,DLAB_2018-04-12_14-51-44_608_165,DLAB_2018-04-13_12-52-31_209_732,32,-1,0,+INF,0,65535,0,-NAN,$01 $01 Wavelength nm,$03 $06 Intensity mW/(m^2 nm),$f0 $06 Error mW/(m^2 nm),$f1 $00 Status,2
504.04336531716,660.197627311176,0,0,1,95A7_2019-06-16_14-30-50_000_038,SAM_8589,SPECTRUM,CALIBRATED,,,2019-06-16 14:30:50,0,0,,,,,SAM Control,SAM_8589,No Mission,1,0,1,,DLAB_2018-04-12_14-51-44_608_165,DLAB_2018-04-13_12-52-31_209_732,32,-1,0,+INF,0,65535,0,-NAN,$01 $01 Wavelength nm,$03 $06 Intensity mW/(m^2 nm),$f0 $06 Error mW/(m^2 nm),$f1 $00 Status,2
507.38605425008,663.209022482813,0,0,1,95A7_2019-06-16_14-30-50_000_038,SAM_8589,SPECTRUM,CALIBRATED,,,2019-06-16 14:30:50,0,0,,,,,SAM Control,SAM_8589,No Mission,1,0,1,,DLAB_2018-04-12_14-51-44_608_165,DLAB_2018-04-13_12-52-31_209_732,32,-1,0,+INF,0,65535,0,-NAN,$01 $01 Wavelength nm,$03 $06 Intensity mW/(m^2 nm),$f0 $06 Error mW/(m^2 nm),$f1 $00 Status,2
510.72890721492,657.225644293768,0,0,1,95A7_2019-06-16_14-30-50_000_038,SAM_8589,SPECTRUM,CALIBRATED,,,2019-06-16 14:30:50,0,0,,,,,SAM Control,SAM_8589,No Mission,1,0,1,,DLAB_2018-04-12_14-51-44_608_165,DLAB_2018-04-13_12-52-31_209_732,32,-1,0,+INF,0,65535,0,-NAN,$01 $01 Wavelength nm,$03 $06 Intensity mW/(m^2 nm),$f0 $06 Error mW/(m^2 nm),$f1 $00 Status,2
514.07191286784,638.584999894611,0,0,1,95A7_2019-06-16_14-30-50_000_038,SAM_8589,SPECTRUM,CALIBRATED,,,2019-06-16 14:30:50,0,0,,,,,SAM Control,SAM_8589,No Mission,1,0,1,,DLAB_2018-04-12_14-51-44_608_165,DLAB_2018-04-13_12-52-31_209_732,32,-1,0,+INF,0,65535,0,-NAN,$01 $01 Wavelength nm,$03 $06 Intensity mW/(m^2 nm),$f0 $06 Error mW/(m^2 nm),$f1 $00 Status,2
517.415059865,626.451817675896,0,0,1,95A7_2019-06-16_14-30-50_000_038,SAM_8589,SPECTRUM,CALIBRATED,,,2019-06-16 14:30:50,0,0,,,,,SAM Control,SAM_8589,No Mission,1,0,1,,DLAB_2018-04-12_14-51-44_608_165,DLAB_2018-04-13_12-52-31_209_732,32,-1,0,+INF,0,65535,0,-NAN,$01 $01 Wavelength nm,$03 $06 Intensity mW/(m^2 nm),$f0 $06 Error mW/(m^2 nm),$f1 $00 Status,2
520.75833686256,632.549683975447,0,0,1,95A7_2019-06-16_14-30-50_000_038,SAM_8589,SPECTRUM,CALIBRATED,,,2019-06-16 14:30:50,0,0,,,,,SAM Control,SAM_8589,No Mission,1,0,1,,DLAB_2018-04-12_14-51-44_608_165,DLAB_2018-04-13_12-52-31_209_732,32,-1,0,+INF,0,65535,0,-NAN,$01 $01 Wavelength nm,$03 $06 Intensity mW/(m^2 nm),$f0 $06 Error mW/(m^2 nm),$f1 $00 Status,2
524.10173251668,642.02083520085,0,0,1,95A7_2019-06-16_14-30-50_000_038,SAM_8589,SPECTRUM,CALIBRATED,,,2019-06-16 14:30:50,0,0,,,,,SAM Control,SAM_8589,No Mission,1,0,1,,DLAB_2018-04-12_14-51-44_608_165,DLAB_2018-04-13_12-52-31_209_732,32,-1,0,+INF,0,65535,0,-NAN,$01 $01 Wavelength nm,$03 $06 Intensity mW/(m^2 nm),$f0 $06 Error mW/(m^2 nm),$f1 $00 Status,2
527.44523548352,648.368339576575,0,0,1,95A7_2019-06-16_14-30-50_000_038,SAM_8589,SPECTRUM,CALIBRATED,,,2019-06-16 14:30:50,0,0,,,,,SAM Control,SAM_8589,No Mission,1,0,1,,DLAB_2018-04-12_14-51-44_608_165,DLAB_2018-04-13_12-52-31_209_732,32,-1,0,+INF,0,65535,0,-NAN,$01 $01 Wavelength nm,$03 $06 Intensity mW/(m^2 nm),$f0 $06 Error mW/(m^2 nm),$f1 $00 Status,2
530.78883441924,653.662939939539,0,0,1,95A7_2019-06-16_14-30-50_000_038,SAM_8589,SPECTRUM,CALIBRATED,,,2019-06-16 14:30:50,0,0,,,,,SAM Control,SAM_8589,No Mission,1,0,1,,DLAB_2018-04-12_14-51-44_608_165,DLAB_2018-04-13_12-52-31_209_732,32,-1,0,+INF,0,65535,0,-NAN,$01 $01 Wavelength nm,$03 $06 Intensity mW/(m^2 nm),$f0 $06 Error mW/(m^2 nm),$f1 $00 Status,2
534.13251798,654.32607959123,0,0,1,95A7_2019-06-16_14-30-50_000_038,SAM_8589,SPECTRUM,CALIBRATED,,,2019-06-16 14:30:50,0,0,,,,,SAM Control,SAM_8589,No Mission,1,0,1,,DLAB_2018-04-12_14-51-44_608_165,DLAB_2018-04-13_12-52-31_209_732,32,-1,0,+INF,0,65535,0,-NAN,$01 $01 Wavelength nm,$03 $06 Intensity mW/(m^2 nm),$f0 $06 Error mW/(m^2 nm),$f1 $00 Status,2
537.47627482196,649.112479946285,0,0,1,95A7_2019-06-16_14-30-50_000_038,SAM_8589,SPECTRUM,CALIBRATED,,,2019-06-16 14:30:50,0,0,,,,,SAM Control,SAM_8589,No Mission,1,0,1,,DLAB_2018-04-12_14-51-44_608_165,DLAB_2018-04-13_12-52-31_209_732,32,-1,0,+INF,0,65535,0,-NAN,$01 $01 Wavelength nm,$03 $06 Intensity mW/(m^2 nm),$f0 $06 Error mW/(m^2 nm),$f1 $00 Status,2
540.82009360128,644.654167853675,0,0,1,95A7_2019-06-16_14-30-50_000_038,SAM_8589,SPECTRUM,CALIBRATED,,,2019-06-16 14:30:50,0,0,,,,,SAM Control,SAM_8589,No Mission,1,0,1,,DLAB_2018-04-12_14-51-44_608_165,DLAB_2018-04-13_12-52-31_209_732,32,-1,0,+INF,0,65535,0,-NAN,$01 $01 Wavelength nm,$03 $06 Intensity mW/(m^2 nm),$f0 $06 Error mW/(m^2 nm),$f1 $00 Status,2
544.16396297412,644.187487532941,0,0,1,95A7_2019-06-16_14-30-50_000_038,SAM_8589,SPECTRUM,CALIBRATED,,,2019-06-16 14:30:50,0,0,,,,,SAM Control,SAM_8589,No Mission,1,0,1,,DLAB_2018-04-12_14-51-44_608_165,DLAB_2018-04-13_12-52-31_209_732,32,-1,0,+INF,0,65535,0,-NAN,$01 $01 Wavelength nm,$03 $06 Intensity mW/(m^2 nm),$f0 $06 Error mW/(m^2 nm),$f1 $00 Status,2
547.50787159664,645.839461773408,0,0,1,95A7_2019-06-16_14-30-50_000_038,SAM_8589,SPECTRUM,CALIBRATED,,,2019-06-16 14:30:50,0,0,,,,,SAM Control,SAM_8589,No Mission,1,0,1,,DLAB_2018-04-12_14-51-44_608_165,DLAB_2018-04-13_12-52-31_209_732,32,-1,0,+INF,0,65535,0,-NAN,$01 $01 Wavelength nm,$03 $06 Intensity mW/(m^2 nm),$f0 $06 Error mW/(m^2 nm),$f1 $00 Status,2
550.851808125,645.691811525952,0,0,1,95A7_2019-06-16_14-30-50_000_038,SAM_8589,SPECTRUM,CALIBRATED,,,2019-06-16 14:30:50,0,0,,,,,SAM Control,SAM_8589,No Mission,1,0,1,,DLAB_2018-04-12_14-51-44_608_165,DLAB_2018-04-13_12-52-31_209_732,32,-1,0,+INF,0,65535,0,-NAN,$01 $01 Wavelength nm,$03 $06 Intensity mW/(m^2 nm),$f0 $06 Error mW/(m^2 nm),$f1 $00 Status,2
554.19576121536,641.442739659799,0,0,1,95A7_2019-06-16_14-30-50_000_038,SAM_8589,SPECTRUM,CALIBRATED,,,2019-06-16 14:30:50,0,0,,,,,SAM Control,SAM_8589,No Mission,1,0,1,,DLAB_2018-04-12_14-51-44_608_165,DLAB_2018-04-13_12-52-31_209_732,32,-1,0,+INF,0,65535,0,-NAN,$01 $01 Wavelength nm,$03 $06 Intensity mW/(m^2 nm),$f0 $06 Error mW/(m^2 nm),$f1 $00 Status,2
557.53971952388,634.350362929482,0,0,1,95A7_2019-06-16_14-30-50_000_038,SAM_8589,SPECTRUM,CALIBRATED,,,2019-06-16 14:30:50,0,0,,,,,SAM Control,SAM_8589,No Mission,1,0,1,,DLAB_2018-04-12_14-51-44_608_165,DLAB_2018-04-13_12-52-31_209_732,32,-1,0,+INF,0,65535,0,-NAN,$01 $01 Wavelength nm,$03 $06 Intensity mW/(m^2 nm),$f0 $06 Error mW/(m^2 nm),$f1 $00 Status,2
560.88367170672,629.401924777445,0,0,1,95A7_2019-06-16_14-30-50_000_038,SAM_8589,SPECTRUM,CALIBRATED,,,2019-06-16 14:30:50,0,0,,,,,SAM Control,SAM_8589,No Mission,1,0,1,,DLAB_2018-04-12_14-51-44_608_165,DLAB_2018-04-13_12-52-31_209_732,32,-1,0,+INF,0,65535,0,-NAN,$01 $01 Wavelength nm,$03 $06 Intensity mW/(m^2 nm),$f0 $06 Error mW/(m^2 nm),$f1 $00 Status,2
564.22760642004,627.006797444751,0,0,1,95A7_2019-06-16_14-30-50_000_038,SAM_8589,SPECTRUM,CALIBRATED,,,2019-06-16 14:30:50,0,0,,,,,SAM Control,SAM_8589,No Mission,1,0,1,,DLAB_2018-04-12_14-51-44_608_165,DLAB_2018-04-13_12-52-31_209_732,32,-1,0,+INF,0,65535,0,-NAN,$01 $01 Wavelength nm,$03 $06 Intensity mW/(m^2 nm),$f0 $06 Error mW/(m^2 nm),$f1 $00 Status,2
567.57151232,623.202983979924,0,0,1,95A7_2019-06-16_14-30-50_000_038,SAM_8589,SPECTRUM,CALIBRATED,,,2019-06-16 14:30:50,0,0,,,,,SAM Control,SAM_8589,No Mission,1,0,1,,DLAB_2018-04-12_14-51-44_608_165,DLAB_2018-04-13_12-52-31_209_732,32,-1,0,+INF,0,65535,0,-NAN,$01 $01 Wavelength nm,$03 $06 Intensity mW/(m^2 nm),$f0 $06 Error mW/(m^2 nm),$f1 $00 Status,2
570.91537806276,621.03389361204,0,0,1,95A7_2019-06-16_14-30-50_000_038,SAM_8589,SPECTRUM,CALIBRATED,,,2019-06-16 14:30:50,0,0,,,,,SAM Control,SAM_8589,No Mission,1,0,1,,DLAB_2018-04-12_14-51-44_608_165,DLAB_2018-04-13_12-52-31_209_732,32,-1,0,+INF,0,65535,0,-NAN,$01 $01 Wavelength nm,$03 $06 Intensity mW/(m^2 nm),$f0 $06 Error mW/(m^2 nm),$f1 $00 Status,2
574.25919230448,619.899202646839,0,0,1,95A7_2019-06-16_14-30-50_000_038,SAM_8589,SPECTRUM,CALIBRATED,,,2019-06-16 14:30:50,0,0,,,,,SAM Control,SAM_8589,No Mission,1,0,1,,DLAB_2018-04-12_14-51-44_608_165,DLAB_2018-04-13_12-52-31_209_732,32,-1,0,+INF,0,65535,0,-NAN,$01 $01 Wavelength nm,$03 $06 Intensity mW/(m^2 nm),$f0 $06 Error mW/(m^2 nm),$f1 $00 Status,2
577.60294370132,619.909720172155,0,0,1,95A7_2019-06-16_14-30-50_000_038,SAM_8589,SPECTRUM,CALIBRATED,,,2019-06-16 14:30:50,0,0,,,,,SAM Control,SAM_8589,No Mission,1,0,1,,DLAB_2018-04-12_14-51-44_608_165,DLAB_2018-04-13_12-52-31_209_732,32,-1,0,+INF,0,65535,0,-NAN,$01 $01 Wavelength nm,$03 $06 Intensity mW/(m^2 nm),$f0 $06 Error mW/(m^2 nm),$f1 $00 Status,2
580.94662090944,621.048117338932,0,0,1,95A7_2019-06-16_14-30-50_000_038,SAM_8589,SPECTRUM,CALIBRATED,,,2019-06-16 14:30:50,0,0,,,,,SAM Control,SAM_8589,No Mission,1,0,1,,DLAB_2018-04-12_14-51-44_608_165,DLAB_2018-04-13_12-52-31_209_732,32,-1,0,+INF,0,65535,0,-NAN,$01 $01 Wavelength nm,$03 $06 Intensity mW/(m^2 nm),$f0 $06 Error mW/(m^2 nm),$f1 $00 Status,2
584.290212585,615.524949137425,0,0,1,95A7_2019-06-16_14-30-50_000_038,SAM_8589,SPECTRUM,CALIBRATED,,,2019-06-16 14:30:50,0,0,,,,,SAM Control,SAM_8589,No Mission,1,0,1,,DLAB_2018-04-12_14-51-44_608_165,DLAB_2018-04-13_12-52-31_209_732,32,-1,0,+INF,0,65535,0,-NAN,$01 $01 Wavelength nm,$03 $06 Intensity mW/(m^2 nm),$f0 $06 Error mW/(m^2 nm),$f1 $00 Status,2
587.63370738416,601.956743435638,0,0,1,95A7_2019-06-16_14-30-50_000_038,SAM_8589,SPECTRUM,CALIBRATED,,,2019-06-16 14:30:50,0,0,,,,,SAM Control,SAM_8589,No Mission,1,0,1,,DLAB_2018-04-12_14-51-44_608_165,DLAB_2018-04-13_12-52-31_209_732,32,-1,0,+INF,0,65535,0,-NAN,$01 $01 Wavelength nm,$03 $06 Intensity mW/(m^2 nm),$f0 $06 Error mW/(m^2 nm),$f1 $00 Status,2
590.97709396308,593.576443522358,0,0,1,95A7_2019-06-16_14-30-50_000_038,SAM_8589,SPECTRUM,CALIBRATED,,,2019-06-16 14:30:50,0,0,,,,,SAM Control,SAM_8589,No Mission,1,0,1,,DLAB_2018-04-12_14-51-44_608_165,DLAB_2018-04-13_12-52-31_209_732,32,-1,0,+INF,0,65535,0,-NAN,$01 $01 Wavelength nm,$03 $06 Intensity mW/(m^2 nm),$f0 $06 Error mW/(m^2 nm),$f1 $00 Status,2
594.32036097792,594.856986931106,0,0,1,95A7_2019-06-16_14-30-50_000_038,SAM_8589,SPECTRUM,CALIBRATED,,,2019-06-16 14:30:50,0,0,,,,,SAM Control,SAM_8589,No Mission,1,0,1,,DLAB_2018-04-12_14-51-44_608_165,DLAB_2018-04-13_12-52-31_209_732,32,-1,0,+INF,0,65535,0,-NAN,$01 $01 Wavelength nm,$03 $06 Intensity mW/(m^2 nm),$f0 $06 Error mW/(m^2 nm),$f1 $00 Status,2
597.66349708484,596.096235949022,0,0,1,95A7_2019-06-16_14-30-50_000_038,SAM_8589,SPECTRUM,CALIBRATED,,,2019-06-16 14:30:50,0,0,,,,,SAM Control,SAM_8589,No Mission,1,0,1,,DLAB_2018-04-12_14-51-44_608_165,DLAB_2018-04-13_12-52-31_209_732,32,-1,0,+INF,0,65535,0,-NAN,$01 $01 Wavelength nm,$03 $06 Intensity mW/(m^2 nm),$f0 $06 Error mW/(m^2 nm),$f1 $00 Status,2
601.00649094,596.731093207053,0,0,1,95A7_2019-06-16_14-30-50_000_038,SAM_8589,SPECTRUM,CALIBRATED,,,2019-06-16 14:30:50,0,0,,,,,SAM Control,SAM_8589,No Mission,1,0,1,,DLAB_2018-04-12_14-51-44_608_165,DLAB_2018-04-13_12-52-31_209_732,32,-1,0,+INF,0,65535,0,-NAN,$01 $01 Wavelength nm,$03 $06 Intensity mW/(m^2 nm),$f0 $06 Error mW/(m^2 nm),$f1 $00 Status,2
604.34933119956,597.096500063445,0,0,1,95A7_2019-06-16_14-30-50_000_038,SAM_8589,SPECTRUM,CALIBRATED,,,2019-06-16 14:30:50,0,0,,,,,SAM Control,SAM_8589,No Mission,1,0,1,,DLAB_2018-04-12_14-51-44_608_165,DLAB_2018-04-13_12-52-31_209_732,32,-1,0,+INF,0,65535,0,-NAN,$01 $01 Wavelength nm,$03 $06 Intensity mW/(m^2 nm),$f0 $06 Error mW/(m^2 nm),$f1 $00 Status,2
607.69200651968,595.021919838179,0,0,1,95A7_2019-06-16_14-30-50_000_038,SAM_8589,SPECTRUM,CALIBRATED,,,2019-06-16 14:30:50,0,0,,,,,SAM Control,SAM_8589,No Mission,1,0,1,,DLAB_2018-04-12_14-51-44_608_165,DLAB_2018-04-13_12-52-31_209_732,32,-1,0,+INF,0,65535,0,-NAN,$01 $01 Wavelength nm,$03 $06 Intensity mW/(m^2 nm),$f0 $06 Error mW/(m^2 nm),$f1 $00 Status,2
611.03450555652,589.457775370987,0,0,1,95A7_2019-06-16_14-30-50_000_038,SAM_8589,SPECTRUM,CALIBRATED,,,2019-06-16 14:30:50,0,0,,,,,SAM Control,SAM_8589,No Mission,1,0,1,,DLAB_2018-04-12_14-51-44_608_165,DLAB_2018-04-13_12-52-31_209_732,32,-1,0,+INF,0,65535,0,-NAN,$01 $01 Wavelength nm,$03 $06 Intensity mW/(m^2 nm),$f0 $06 Error mW/(m^2 nm),$f1 $00 Status,2
614.37681696624,585.001403571951,0,0,1,95A7_2019-06-16_14-30-50_000_038,SAM_8589,SPECTRUM,CALIBRATED,,,2019-06-16 14:30:50,0,0,,,,,SAM Control,SAM_8589,No Mission,1,0,1,,DLAB_2018-04-12_14-51-44_608_165,DLAB_2018-04-13_12-52-31_209_732,32,-1,0,+INF,0,65535,0,-NAN,$01 $01 Wavelength nm,$03 $06 Intensity mW/(m^2 nm),$f0 $06 Error mW/(m^2 nm),$f1 $00 Status,2
617.718929405,582.328671526798,0,0,1,95A7_2019-06-16_14-30-50_000_038,SAM_8589,SPECTRUM,CALIBRATED,,,2019-06-16 14:30:50,0,0,,,,,SAM Control,SAM_8589,No Mission,1,0,1,,DLAB_2018-04-12_14-51-44_608_165,DLAB_2018-04-13_12-52-31_209_732,32,-1,0,+INF,0,65535,0,-NAN,$01 $01 Wavelength nm,$03 $06 Intensity mW/(m^2 nm),$f0 $06 Error mW/(m^2 nm),$f1 $00 Status,2
621.06083152896,579.544909029636,0,0,1,95A7_2019-06-16_14-30-50_000_038,SAM_8589,SPECTRUM,CALIBRATED,,,2019-06-16 14:30:50,0,0,,,,,SAM Control,SAM_8589,No Mission,1,0,1,,DLAB_2018-04-12_14-51-44_608_165,DLAB_2018-04-13_12-52-31_209_732,32,-1,0,+INF,0,65535,0,-NAN,$01 $01 Wavelength nm,$03 $06 Intensity mW/(m^2 nm),$f0 $06 Error mW/(m^2 nm),$f1 $00 Status,2
624.40251199428,573.413145117121,0,0,1,95A7_2019-06-16_14-30-50_000_038,SAM_8589,SPECTRUM,CALIBRATED,,,2019-06-16 14:30:50,0,0,,,,,SAM Control,SAM_8589,No Mission,1,0,1,,DLAB_2018-04-12_14-51-44_608_165,DLAB_2018-04-13_12-52-31_209_732,32,-1,0,+INF,0,65535,0,-NAN,$01 $01 Wavelength nm,$03 $06 Intensity mW/(m^2 nm),$f0 $06 Error mW/(m^2 nm),$f1 $00 Status,2
627.74395945712,566.843247204275,0,0,1,95A7_2019-06-16_14-30-50_000_038,SAM_8589,SPECTRUM,CALIBRATED,,,2019-06-16 14:30:50,0,0,,,,,SAM Control,SAM_8589,No Mission,1,0,1,,DLAB_2018-04-12_14-51-44_608_165,DLAB_2018-04-13_12-52-31_209_732,32,-1,0,+INF,0,65535,0,-NAN,$01 $01 Wavelength nm,$03 $06 Intensity mW/(m^2 nm),$f0 $06 Error mW/(m^2 nm),$f1 $00 Status,2
631.08516257364,563.052012832972,0,0,1,95A7_2019-06-16_14-30-50_000_038,SAM_8589,SPECTRUM,CALIBRATED,,,2019-06-16 14:30:50,0,0,,,,,SAM Control,SAM_8589,No Mission,1,0,1,,DLAB_2018-04-12_14-51-44_608_165,DLAB_2018-04-13_12-52-31_209_732,32,-1,0,+INF,0,65535,0,-NAN,$01 $01 Wavelength nm,$03 $06 Intensity mW/(m^2 nm),$f0 $06 Error mW/(m^2 nm),$f1 $00 Status,2
634.42611,563.407873911954,0,0,1,95A7_2019-06-16_14-30-50_000_038,SAM_8589,SPECTRUM,CALIBRATED,,,2019-06-16 14:30:50,0,0,,,,,SAM Control,SAM_8589,No Mission,1,0,1,,DLAB_2018-04-12_14-51-44_608_165,DLAB_2018-04-13_12-52-31_209_732,32,-1,0,+INF,0,65535,0,-NAN,$01 $01 Wavelength nm,$03 $06 Intensity mW/(m^2 nm),$f0 $06 Error mW/(m^2 nm),$f1 $00 Status,2
637.76679039236,564.307906153583,0,0,1,95A7_2019-06-16_14-30-50_000_038,SAM_8589,SPECTRUM,CALIBRATED,,,2019-06-16 14:30:50,0,0,,,,,SAM Control,SAM_8589,No Mission,1,0,1,,DLAB_2018-04-12_14-51-44_608_165,DLAB_2018-04-13_12-52-31_209_732,32,-1,0,+INF,0,65535,0,-NAN,$01 $01 Wavelength nm,$03 $06 Intensity mW/(m^2 nm),$f0 $06 Error mW/(m^2 nm),$f1 $00 Status,2
641.10719240688,562.196049475038,0,0,1,95A7_2019-06-16_14-30-50_000_038,SAM_8589,SPECTRUM,CALIBRATED,,,2019-06-16 14:30:50,0,0,,,,,SAM Control,SAM_8589,No Mission,1,0,1,,DLAB_2018-04-12_14-51-44_608_165,DLAB_2018-04-13_12-52-31_209_732,32,-1,0,+INF,0,65535,0,-NAN,$01 $01 Wavelength nm,$03 $06 Intensity mW/(m^2 nm),$f0 $06 Error mW/(m^2 nm),$f1 $00 Status,2
644.44730469972,556.261583621626,0,0,1,95A7_2019-06-16_14-30-50_000_038,SAM_8589,SPECTRUM,CALIBRATED,,,2019-06-16 14:30:50,0,0,,,,,SAM Control,SAM_8589,No Mission,1,0,1,,DLAB_2018-04-12_14-51-44_608_165,DLAB_2018-04-13_12-52-31_209_732,32,-1,0,+INF,0,65535,0,-NAN,$01 $01 Wavelength nm,$03 $06 Intensity mW/(m^2 nm),$f0 $06 Error mW/(m^2 nm),$f1 $00 Status,2
647.78711592704,549.137763790266,0,0,1,95A7_2019-06-16_14-30-50_000_038,SAM_8589,SPECTRUM,CALIBRATED,,,2019-06-16 14:30:50,0,0,,,,,SAM Control,SAM_8589,No Mission,1,0,1,,DLAB_2018-04-12_14-51-44_608_165,DLAB_2018-04-13_12-52-31_209_732,32,-1,0,+INF,0,65535,0,-NAN,$01 $01 Wavelength nm,$03 $06 Intensity mW/(m^2 nm),$f0 $06 Error mW/(m^2 nm),$f1 $00 Status,2
651.126614745,540.279227093752,0,0,1,95A7_2019-06-16_14-30-50_000_038,SAM_8589,SPECTRUM,CALIBRATED,,,2019-06-16 14:30:50,0,0,,,,,SAM Control,SAM_8589,No Mission,1,0,1,,DLAB_2018-04-12_14-51-44_608_165,DLAB_2018-04-13_12-52-31_209_732,32,-1,0,+INF,0,65535,0,-NAN,$01 $01 Wavelength nm,$03 $06 Intensity mW/(m^2 nm),$f0 $06 Error mW/(m^2 nm),$f1 $00 Status,2
654.46578980976,531.45878056208,0,0,1,95A7_2019-06-16_14-30-50_000_038,SAM_8589,SPECTRUM,CALIBRATED,,,2019-06-16 14:30:50,0,0,,,,,SAM Control,SAM_8589,No Mission,1,0,1,,DLAB_2018-04-12_14-51-44_608_165,DLAB_2018-04-13_12-52-31_209_732,32,-1,0,+INF,0,65535,0,-NAN,$01 $01 Wavelength nm,$03 $06 Intensity mW/(m^2 nm),$f0 $06 Error mW/(m^2 nm),$f1 $00 Status,2
657.80462977748,530.633878664432,0,0,1,95A7_2019-06-16_14-30-50_000_038,SAM_8589,SPECTRUM,CALIBRATED,,,2019-06-16 14:30:50,0,0,,,,,SAM Control,SAM_8589,No Mission,1,0,1,,DLAB_2018-04-12_14-51-44_608_165,DLAB_2018-04-13_12-52-31_209_732,32,-1,0,+INF,0,65535,0,-NAN,$01 $01 Wavelength nm,$03 $06 Intensity mW/(m^2 nm),$f0 $06 Error mW/(m^2 nm),$f1 $00 Status,2
661.14312330432,540.22141197169,0,0,1,95A7_2019-06-16_14-30-50_000_038,SAM_8589,SPECTRUM,CALIBRATED,,,2019-06-16 14:30:50,0,0,,,,,SAM Control,SAM_8589,No Mission,1,0,1,,DLAB_2018-04-12_14-51-44_608_165,DLAB_2018-04-13_12-52-31_209_732,32,-1,0,+INF,0,65535,0,-NAN,$01 $01 Wavelength nm,$03 $06 Intensity mW/(m^2 nm),$f0 $06 Error mW/(m^2 nm),$f1 $00 Status,2
664.48125904644,545.369344902256,0,0,1,95A7_2019-06-16_14-30-50_000_038,SAM_8589,SPECTRUM,CALIBRATED,,,2019-06-16 14:30:50,0,0,,,,,SAM Control,SAM_8589,No Mission,1,0,1,,DLAB_2018-04-12_14-51-44_608_165,DLAB_2018-04-13_12-52-31_209_732,32,-1,0,+INF,0,65535,0,-NAN,$01 $01 Wavelength nm,$03 $06 Intensity mW/(m^2 nm),$f0 $06 Error mW/(m^2 nm),$f1 $00 Status,2
667.81902566,544.310025000467,0,0,1,95A7_2019-06-16_14-30-50_000_038,SAM_8589,SPECTRUM,CALIBRATED,,,2019-06-16 14:30:50,0,0,,,,,SAM Control,SAM_8589,No Mission,1,0,1,,DLAB_2018-04-12_14-51-44_608_165,DLAB_2018-04-13_12-52-31_209_732,32,-1,0,+INF,0,65535,0,-NAN,$01 $01 Wavelength nm,$03 $06 Intensity mW/(m^2 nm),$f0 $06 Error mW/(m^2 nm),$f1 $00 Status,2
671.15641180116,540.691201534906,0,0,1,95A7_2019-06-16_14-30-50_000_038,SAM_8589,SPECTRUM,CALIBRATED,,,2019-06-16 14:30:50,0,0,,,,,SAM Control,SAM_8589,No Mission,1,0,1,,DLAB_2018-04-12_14-51-44_608_165,DLAB_2018-04-13_12-52-31_209_732,32,-1,0,+INF,0,65535,0,-NAN,$01 $01 Wavelength nm,$03 $06 Intensity mW/(m^2 nm),$f0 $06 Error mW/(m^2 nm),$f1 $00 Status,2
674.49340612608,536.515991730847,0,0,1,95A7_2019-06-16_14-30-50_000_038,SAM_8589,SPECTRUM,CALIBRATED,,,2019-06-16 14:30:50,0,0,,,,,SAM Control,SAM_8589,No Mission,1,0,1,,DLAB_2018-04-12_14-51-44_608_165,DLAB_2018-04-13_12-52-31_209_732,32,-1,0,+INF,0,65535,0,-NAN,$01 $01 Wavelength nm,$03 $06 Intensity mW/(m^2 nm),$f0 $06 Error mW/(m^2 nm),$f1 $00 Status,2
677.82999729092,532.648634456806,0,0,1,95A7_2019-06-16_14-30-50_000_038,SAM_8589,SPECTRUM,CALIBRATED,,,2019-06-16 14:30:50,0,0,,,,,SAM Control,SAM_8589,No Mission,1,0,1,,DLAB_2018-04-12_14-51-44_608_165,DLAB_2018-04-13_12-52-31_209_732,32,-1,0,+INF,0,65535,0,-NAN,$01 $01 Wavelength nm,$03 $06 Intensity mW/(m^2 nm),$f0 $06 Error mW/(m^2 nm),$f1 $00 Status,2
681.16617395184,521.995715142159,0,0,1,95A7_2019-06-16_14-30-50_000_038,SAM_8589,SPECTRUM,CALIBRATED,,,2019-06-16 14:30:50,0,0,,,,,SAM Control,SAM_8589,No Mission,1,0,1,,DLAB_2018-04-12_14-51-44_608_165,DLAB_2018-04-13_12-52-31_209_732,32,-1,0,+INF,0,65535,0,-NAN,$01 $01 Wavelength nm,$03 $06 Intensity mW/(m^2 nm),$f0 $06 Error mW/(m^2 nm),$f1 $00 Status,2
684.501924765,498.327800190223,0,0,1,95A7_2019-06-16_14-30-50_000_038,SAM_8589,SPECTRUM,CALIBRATED,,,2019-06-16 14:30:50,0,0,,,,,SAM Control,SAM_8589,No Mission,1,0,1,,DLAB_2018-04-12_14-51-44_608_165,DLAB_2018-04-13_12-52-31_209_732,32,-1,0,+INF,0,65535,0,-NAN,$01 $01 Wavelength nm,$03 $06 Intensity mW/(m^2 nm),$f0 $06 Error mW/(m^2 nm),$f1 $00 Status,2
687.83723838656,477.868830479357,0,0,1,95A7_2019-06-16_14-30-50_000_038,SAM_8589,SPECTRUM,CALIBRATED,,,2019-06-16 14:30:50,0,0,,,,,SAM Control,SAM_8589,No Mission,1,0,1,,DLAB_2018-04-12_14-51-44_608_165,DLAB_2018-04-13_12-52-31_209_732,32,-1,0,+INF,0,65535,0,-NAN,$01 $01 Wavelength nm,$03 $06 Intensity mW/(m^2 nm),$f0 $06 Error mW/(m^2 nm),$f1 $00 Status,2
691.17210347268,475.723483517073,0,0,1,95A7_2019-06-16_14-30-50_000_038,SAM_8589,SPECTRUM,CALIBRATED,,,2019-06-16 14:30:50,0,0,,,,,SAM Control,SAM_8589,No Mission,1,0,1,,DLAB_2018-04-12_14-51-44_608_165,DLAB_2018-04-13_12-52-31_209_732,32,-1,0,+INF,0,65535,0,-NAN,$01 $01 Wavelength nm,$03 $06 Intensity mW/(m^2 nm),$f0 $06 Error mW/(m^2 nm),$f1 $00 Status,2
694.50650867952,484.375540110219,0,0,1,95A7_2019-06-16_14-30-50_000_038,SAM_8589,SPECTRUM,CALIBRATED,,,2019-06-16 14:30:50,0,0,,,,,SAM Control,SAM_8589,No Mission,1,0,1,,DLAB_2018-04-12_14-51-44_608_165,DLAB_2018-04-13_12-52-31_209_732,32,-1,0,+INF,0,65535,0,-NAN,$01 $01 Wavelength nm,$03 $06 Intensity mW/(m^2 nm),$f0 $06 Error mW/(m^2 nm),$f1 $00 Status,2
697.84044266324,488.332491622642,0,0,1,95A7_2019-06-16_14-30-50_000_038,SAM_8589,SPECTRUM,CALIBRATED,,,2019-06-16 14:30:50,0,0,,,,,SAM Control,SAM_8589,No Mission,1,0,1,,DLAB_2018-04-12_14-51-44_608_165,DLAB_2018-04-13_12-52-31_209_732,32,-1,0,+INF,0,65535,0,-NAN,$01 $01 Wavelength nm,$03 $06 Intensity mW/(m^2 nm),$f0 $06 Error mW/(m^2 nm),$f1 $00 Status,2
701.17389408,489.651012396204,0,0,1,95A7_2019-06-16_14-30-50_000_038,SAM_8589,SPECTRUM,CALIBRATED,,,2019-06-16 14:30:50,0,0,,,,,SAM Control,SAM_8589,No Mission,1,0,1,,DLAB_2018-04-12_14-51-44_608_165,DLAB_2018-04-13_12-52-31_209_732,32,-1,0,+INF,0,65535,0,-NAN,$01 $01 Wavelength nm,$03 $06 Intensity mW/(m^2 nm),$f0 $06 Error mW/(m^2 nm),$f1 $00 Status,2
704.50685158596,490.783734084043,0,0,1,95A7_2019-06-16_14-30-50_000_038,SAM_8589,SPECTRUM,CALIBRATED,,,2019-06-16 14:30:50,0,0,,,,,SAM Control,SAM_8589,No Mission,1,0,1,,DLAB_2018-04-12_14-51-44_608_165,DLAB_2018-04-13_12-52-31_209_732,32,-1,0,+INF,0,65535,0,-NAN,$01 $01 Wavelength nm,$03 $06 Intensity mW/(m^2 nm),$f0 $06 Error mW/(m^2 nm),$f1 $00 Status,2
707.83930383728,490.447419035558,0,0,1,95A7_2019-06-16_14-30-50_000_038,SAM_8589,SPECTRUM,CALIBRATED,,,2019-06-16 14:30:50,0,0,,,,,SAM Control,SAM_8589,No Mission,1,0,1,,DLAB_2018-04-12_14-51-44_608_165,DLAB_2018-04-13_12-52-31_209_732,32,-1,0,+INF,0,65535,0,-NAN,$01 $01 Wavelength nm,$03 $06 Intensity mW/(m^2 nm),$f0 $06 Error mW/(m^2 nm),$f1 $00 Status,2
711.17123949012,481.031367988796,0,0,1,95A7_2019-06-16_14-30-50_000_038,SAM_8589,SPECTRUM,CALIBRATED,,,2019-06-16 14:30:50,0,0,,,,,SAM Control,SAM_8589,No Mission,1,0,1,,DLAB_2018-04-12_14-51-44_608_165,DLAB_2018-04-13_12-52-31_209_732,32,-1,0,+INF,0,65535,0,-NAN,$01 $01 Wavelength nm,$03 $06 Intensity mW/(m^2 nm),$f0 $06 Error mW/(m^2 nm),$f1 $00 Status,2
714.50264720064,452.841858860566,0,0,1,95A7_2019-06-16_14-30-50_000_038,SAM_8589,SPECTRUM,CALIBRATED,,,2019-06-16 14:30:50,0,0,,,,,SAM Control,SAM_8589,No Mission,1,0,1,,DLAB_2018-04-12_14-51-44_608_165,DLAB_2018-04-13_12-52-31_209_732,32,-1,0,+INF,0,65535,0,-NAN,$01 $01 Wavelength nm,$03 $06 Intensity mW/(m^2 nm),$f0 $06 Error mW/(m^2 nm),$f1 $00 Status,2
717.833515625,422.109662359212,0,0,1,95A7_2019-06-16_14-30-50_000_038,SAM_8589,SPECTRUM,CALIBRATED,,,2019-06-16 14:30:50,0,0,,,,,SAM Control,SAM_8589,No Mission,1,0,1,,DLAB_2018-04-12_14-51-44_608_165,DLAB_2018-04-13_12-52-31_209_732,32,-1,0,+INF,0,65535,0,-NAN,$01 $01 Wavelength nm,$03 $06 Intensity mW/(m^2 nm),$f0 $06 Error mW/(m^2 nm),$f1 $00 Status,2
721.16383341936,405.267222149244,0,0,1,95A7_2019-06-16_14-30-50_000_038,SAM_8589,SPECTRUM,CALIBRATED,,,2019-06-16 14:30:50,0,0,,,,,SAM Control,SAM_8589,No Mission,1,0,1,,DLAB_2018-04-12_14-51-44_608_165,DLAB_2018-04-13_12-52-31_209_732,32,-1,0,+INF,0,65535,0,-NAN,$01 $01 Wavelength nm,$03 $06 Intensity mW/(m^2 nm),$f0 $06 Error mW/(m^2 nm),$f1 $00 Status,2
724.49358923988,402.255381015219,0,0,1,95A7_2019-06-16_14-30-50_000_038,SAM_8589,SPECTRUM,CALIBRATED,,,2019-06-16 14:30:50,0,0,,,,,SAM Control,SAM_8589,No Mission,1,0,1,,DLAB_2018-04-12_14-51-44_608_165,DLAB_2018-04-13_12-52-31_209_732,32,-1,0,+INF,0,65535,0,-NAN,$01 $01 Wavelength nm,$03 $06 Intensity mW/(m^2 nm),$f0 $06 Error mW/(m^2 nm),$f1 $00 Status,2
727.82277174272,405.534652765652,0,0,1,95A7_2019-06-16_14-30-50_000_038,SAM_8589,SPECTRUM,CALIBRATED,,,2019-06-16 14:30:50,0,0,,,,,SAM Control,SAM_8589,No Mission,1,0,1,,DLAB_2018-04-12_14-51-44_608_165,DLAB_2018-04-13_12-52-31_209_732,32,-1,0,+INF,0,65535,0,-NAN,$01 $01 Wavelength nm,$03 $06 Intensity mW/(m^2 nm),$f0 $06 Error mW/(m^2 nm),$f1 $00 Status,2
731.15136958404,419.907466896156,0,0,1,95A7_2019-06-16_14-30-50_000_038,SAM_8589,SPECTRUM,CALIBRATED,,,2019-06-16 14:30:50,0,0,,,,,SAM Control,SAM_8589,No Mission,1,0,1,,DLAB_2018-04-12_14-51-44_608_165,DLAB_2018-04-13_12-52-31_209_732,32,-1,0,+INF,0,65535,0,-NAN,$01 $01 Wavelength nm,$03 $06 Intensity mW/(m^2 nm),$f0 $06 Error mW/(m^2 nm),$f1 $00 Status,2
734.47937142,436.523178233748,0,0,1,95A7_2019-06-16_14-30-50_000_038,SAM_8589,SPECTRUM,CALIBRATED,,,2019-06-16 14:30:50,0,0,,,,,SAM Control,SAM_8589,No Mission,1,0,1,,DLAB_2018-04-12_14-51-44_608_165,DLAB_2018-04-13_12-52-31_209_732,32,-1,0,+INF,0,65535,0,-NAN,$01 $01 Wavelength nm,$03 $06 Intensity mW/(m^2 nm),$f0 $06 Error mW/(m^2 nm),$f1 $00 Status,2
737.80676590676,446.781836421663,0,0,1,95A7_2019-06-16_14-30-50_000_038,SAM_8589,SPECTRUM,CALIBRATED,,,2019-06-16 14:30:50,0,0,,,,,SAM Control,SAM_8589,No Mission,1,0,1,,DLAB_2018-04-12_14-51-44_608_165,DLAB_2018-04-13_12-52-31_209_732,32,-1,0,+INF,0,65535,0,-NAN,$01 $01 Wavelength nm,$03 $06 Intensity mW/(m^2 nm),$f0 $06 Error mW/(m^2 nm),$f1 $00 Status,2
741.13354170048,452.581023037368,0,0,1,95A7_2019-06-16_14-30-50_000_038,SAM_8589,SPECTRUM,CALIBRATED,,,2019-06-16 14:30:50,0,0,,,,,SAM Control,SAM_8589,No Mission,1,0,1,,DLAB_2018-04-12_14-51-44_608_165,DLAB_2018-04-13_12-52-31_209_732,32,-1,0,+INF,0,65535,0,-NAN,$01 $01 Wavelength nm,$03 $06 Intensity mW/(m^2 nm),$f0 $06 Error mW/(m^2 nm),$f1 $00 Status,2
744.45968745732,456.264732981415,0,0,1,95A7_2019-06-16_14-30-50_000_038,SAM_8589,SPECTRUM,CALIBRATED,,,2019-06-16 14:30:50,0,0,,,,,SAM Control,SAM_8589,No Mission,1,0,1,,DLAB_2018-04-12_14-51-44_608_165,DLAB_2018-04-13_12-52-31_209_732,32,-1,0,+INF,0,65535,0,-NAN,$01 $01 Wavelength nm,$03 $06 Intensity mW/(m^2 nm),$f0 $06 Error mW/(m^2 nm),$f1 $00 Status,2
747.78519183344,456.006868179678,0,0,1,95A7_2019-06-16_14-30-50_000_038,SAM_8589,SPECTRUM,CALIBRATED,,,2019-06-16 14:30:50,0,0,,,,,SAM Control,SAM_8589,No Mission,1,0,1,,DLAB_2018-04-12_14-51-44_608_165,DLAB_2018-04-13_12-52-31_209_732,32,-1,0,+INF,0,65535,0,-NAN,$01 $01 Wavelength nm,$03 $06 Intensity mW/(m^2 nm),$f0 $06 Error mW/(m^2 nm),$f1 $00 Status,2
751.110043485,451.028800031293,0,0,1,95A7_2019-06-16_14-30-50_000_038,SAM_8589,SPECTRUM,CALIBRATED,,,2019-06-16 14:30:50,0,0,,,,,SAM Control,SAM_8589,No Mission,1,0,1,,DLAB_2018-04-12_14-51-44_608_165,DLAB_2018-04-13_12-52-31_209_732,32,-1,0,+INF,0,65535,0,-NAN,$01 $01 Wavelength nm,$03 $06 Intensity mW/(m^2 nm),$f0 $06 Error mW/(m^2 nm),$f1 $00 Status,2
754.43423106816,424.496087037267,0,0,1,95A7_2019-06-16_14-30-50_000_038,SAM_8589,SPECTRUM,CALIBRATED,,,2019-06-16 14:30:50,0,0,,,,,SAM Control,SAM_8589,No Mission,1,0,1,,DLAB_2018-04-12_14-51-44_608_165,DLAB_2018-04-13_12-52-31_209_732,32,-1,0,+INF,0,65535,0,-NAN,$01 $01 Wavelength nm,$03 $06 Intensity mW/(m^2 nm),$f0 $06 Error mW/(m^2 nm),$f1 $00 Status,2
757.75774323908,356.706765378715,0,0,1,95A7_2019-06-16_14-30-50_000_038,SAM_8589,SPECTRUM,CALIBRATED,,,2019-06-16 14:30:50,0,0,,,,,SAM Control,SAM_8589,No Mission,1,0,1,,DLAB_2018-04-12_14-51-44_608_165,DLAB_2018-04-13_12-52-31_209_732,32,-1,0,+INF,0,65535,0,-NAN,$01 $01 Wavelength nm,$03 $06 Intensity mW/(m^2 nm),$f0 $06 Error mW/(m^2 nm),$f1 $00 Status,2
761.08056865392,295.865463903483,0,0,1,95A7_2019-06-16_14-30-50_000_038,SAM_8589,SPECTRUM,CALIBRATED,,,2019-06-16 14:30:50,0,0,,,,,SAM Control,SAM_8589,No Mission,1,0,1,,DLAB_2018-04-12_14-51-44_608_165,DLAB_2018-04-13_12-52-31_209_732,32,-1,0,+INF,0,65535,0,-NAN,$01 $01 Wavelength nm,$03 $06 Intensity mW/(m^2 nm),$f0 $06 Error mW/(m^2 nm),$f1 $00 Status,2
764.40269596884,305.354599497165,0,0,1,95A7_2019-06-16_14-30-50_000_038,SAM_8589,SPECTRUM,CALIBRATED,,,2019-06-16 14:30:50,0,0,,,,,SAM Control,SAM_8589,No Mission,1,0,1,,DLAB_2018-04-12_14-51-44_608_165,DLAB_2018-04-13_12-52-31_209_732,32,-1,0,+INF,0,65535,0,-NAN,$01 $01 Wavelength nm,$03 $06 Intensity mW/(m^2 nm),$f0 $06 Error mW/(m^2 nm),$f1 $00 Status,2
767.72411384,362.417260510681,0,0,1,95A7_2019-06-16_14-30-50_000_038,SAM_8589,SPECTRUM,CALIBRATED,,,2019-06-16 14:30:50,0,0,,,,,SAM Control,SAM_8589,No Mission,1,0,1,,DLAB_2018-04-12_14-51-44_608_165,DLAB_2018-04-13_12-52-31_209_732,32,-1,0,+INF,0,65535,0,-NAN,$01 $01 Wavelength nm,$03 $06 Intensity mW/(m^2 nm),$f0 $06 Error mW/(m^2 nm),$f1 $00 Status,2
771.04481092356,405.977579743062,0,0,1,95A7_2019-06-16_14-30-50_000_038,SAM_8589,SPECTRUM,CALIBRATED,,,2019-06-16 14:30:50,0,0,,,,,SAM Control,SAM_8589,No Mission,1,0,1,,DLAB_2018-04-12_14-51-44_608_165,DLAB_2018-04-13_12-52-31_209_732,32,-1,0,+INF,0,65535,0,-NAN,$01 $01 Wavelength nm,$03 $06 Intensity mW/(m^2 nm),$f0 $06 Error mW/(m^2 nm),$f1 $00 Status,2
774.36477587568,421.799526840043,0,0,1,95A7_2019-06-16_14-30-50_000_038,SAM_8589,SPECTRUM,CALIBRATED,,,2019-06-16 14:30:50,0,0,,,,,SAM Control,SAM_8589,No Mission,1,0,1,,DLAB_2018-04-12_14-51-44_608_165,DLAB_2018-04-13_12-52-31_209_732,32,-1,0,+INF,0,65535,0,-NAN,$01 $01 Wavelength nm,$03 $06 Intensity mW/(m^2 nm),$f0 $06 Error mW/(m^2 nm),$f1 $00 Status,2
777.68399735252,424.942347910574,0,0,1,95A7_2019-06-16_14-30-50_000_038,SAM_8589,SPECTRUM,CALIBRATED,,,2019-06-16 14:30:50,0,0,,,,,SAM Control,SAM_8589,No Mission,1,0,1,,DLAB_2018-04-12_14-51-44_608_165,DLAB_2018-04-13_12-52-31_209_732,32,-1,0,+INF,0,65535,0,-NAN,$01 $01 Wavelength nm,$03 $06 Intensity mW/(m^2 nm),$f0 $06 Error mW/(m^2 nm),$f1 $00 Status,2
781.00246401024,422.913415612869,0,0,1,95A7_2019-06-16_14-30-50_000_038,SAM_8589,SPECTRUM,CALIBRATED,,,2019-06-16 14:30:50,0,0,,,,,SAM Control,SAM_8589,No Mission,1,0,1,,DLAB_2018-04-12_14-51-44_608_165,DLAB_2018-04-13_12-52-31_209_732,32,-1,0,+INF,0,65535,0,-NAN,$01 $01 Wavelength nm,$03 $06 Intensity mW/(m^2 nm),$f0 $06 Error mW/(m^2 nm),$f1 $00 Status,2
784.320164505,418.587196829959,0,0,1,95A7_2019-06-16_14-30-50_000_038,SAM_8589,SPECTRUM,CALIBRATED,,,2019-06-16 14:30:50,0,0,,,,,SAM Control,SAM_8589,No Mission,1,0,1,,DLAB_2018-04-12_14-51-44_608_165,DLAB_2018-04-13_12-52-31_209_732,32,-1,0,+INF,0,65535,0,-NAN,$01 $01 Wavelength nm,$03 $06 Intensity mW/(m^2 nm),$f0 $06 Error mW/(m^2 nm),$f1 $00 Status,2
787.63708749296,411.128510807752,0,0,1,95A7_2019-06-16_14-30-50_000_038,SAM_8589,SPECTRUM,CALIBRATED,,,2019-06-16 14:30:50,0,0,,,,,SAM Control,SAM_8589,No Mission,1,0,1,,DLAB_2018-04-12_14-51-44_608_165,DLAB_2018-04-13_12-52-31_209_732,32,-1,0,+INF,0,65535,0,-NAN,$01 $01 Wavelength nm,$03 $06 Intensity mW/(m^2 nm),$f0 $06 Error mW/(m^2 nm),$f1 $00 Status,2
790.95322163028,403.228683467253,0,0,1,95A7_2019-06-16_14-30-50_000_038,SAM_8589,SPECTRUM,CALIBRATED,,,2019-06-16 14:30:50,0,0,,,,,SAM Control,SAM_8589,No Mission,1,0,1,,DLAB_2018-04-12_14-51-44_608_165,DLAB_2018-04-13_12-52-31_209_732,32,-1,0,+INF,0,65535,0,-NAN,$01 $01 Wavelength nm,$03 $06 Intensity mW/(m^2 nm),$f0 $06 Error mW/(m^2 nm),$f1 $00 Status,2
794.26855557312,398.063689125704,0,0,1,95A7_2019-06-16_14-30-50_000_038,SAM_8589,SPECTRUM,CALIBRATED,,,2019-06-16 14:30:50,0,0,,,,,SAM Control,SAM_8589,No Mission,1,0,1,,DLAB_2018-04-12_14-51-44_608_165,DLAB_2018-04-13_12-52-31_209_732,32,-1,0,+INF,0,65535,0,-NAN,$01 $01 Wavelength nm,$03 $06 Intensity mW/(m^2 nm),$f0 $06 Error mW/(m^2 nm),$f1 $00 Status,2
797.58307797764,394.681570651622,0,0,1,95A7_2019-06-16_14-30-50_000_038,SAM_8589,SPECTRUM,CALIBRATED,,,2019-06-16 14:30:50,0,0,,,,,SAM Control,SAM_8589,No Mission,1,0,1,,DLAB_2018-04-12_14-51-44_608_165,DLAB_2018-04-13_12-52-31_209_732,32,-1,0,+INF,0,65535,0,-NAN,$01 $01 Wavelength nm,$03 $06 Intensity mW/(m^2 nm),$f0 $06 Error mW/(m^2 nm),$f1 $00 Status,2
800.8967775,391.128825109185,0,0,1,95A7_2019-06-16_14-30-50_000_038,SAM_8589,SPECTRUM,CALIBRATED,,,2019-06-16 14:30:50,0,0,,,,,SAM Control,SAM_8589,No Mission,1,0,1,,DLAB_2018-04-12_14-51-44_608_165,DLAB_2018-04-13_12-52-31_209_732,32,-1,0,+INF,0,65535,0,-NAN,$01 $01 Wavelength nm,$03 $06 Intensity mW/(m^2 nm),$f0 $06 Error mW/(m^2 nm),$f1 $00 Status,2
804.20964279636,387.277400337317,0,0,1,95A7_2019-06-16_14-30-50_000_038,SAM_8589,SPECTRUM,CALIBRATED,,,2019-06-16 14:30:50,0,0,,,,,SAM Control,SAM_8589,No Mission,1,0,1,,DLAB_2018-04-12_14-51-44_608_165,DLAB_2018-04-13_12-52-31_209_732,32,-1,0,+INF,0,65535,0,-NAN,$01 $01 Wavelength nm,$03 $06 Intensity mW/(m^2 nm),$f0 $06 Error mW/(m^2 nm),$f1 $00 Status,2
807.52166252288,379.40140135854,0,0,1,95A7_2019-06-16_14-30-50_000_038,SAM_8589,SPECTRUM,CALIBRATED,,,2019-06-16 14:30:50,0,0,,,,,SAM Control,SAM_8589,No Mission,1,0,1,,DLAB_2018-04-12_14-51-44_608_165,DLAB_2018-04-13_12-52-31_209_732,32,-1,0,+INF,0,65535,0,-NAN,$01 $01 Wavelength nm,$03 $06 Intensity mW/(m^2 nm),$f0 $06 Error mW/(m^2 nm),$f1 $00 Status,2
810.83282533572,360.293523242956,0,0,1,95A7_2019-06-16_14-30-50_000_038,SAM_8589,SPECTRUM,CALIBRATED,,,2019-06-16 14:30:50,0,0,,,,,SAM Control,SAM_8589,No Mission,1,0,1,,DLAB_2018-04-12_14-51-44_608_165,DLAB_2018-04-13_12-52-31_209_732,32,-1,0,+INF,0,65535,0,-NAN,$01 $01 Wavelength nm,$03 $06 Intensity mW/(m^2 nm),$f0 $06 Error mW/(m^2 nm),$f1 $00 Status,2
814.14311989104,334.954910700415,0,0,1,95A7_2019-06-16_14-30-50_000_038,SAM_8589,SPECTRUM,CALIBRATED,,,2019-06-16 14:30:50,0,0,,,,,SAM Control,SAM_8589,No Mission,1,0,1,,DLAB_2018-04-12_14-51-44_608_165,DLAB_2018-04-13_12-52-31_209_732,32,-1,0,+INF,0,65535,0,-NAN,$01 $01 Wavelength nm,$03 $06 Intensity mW/(m^2 nm),$f0 $06 Error mW/(m^2 nm),$f1 $00 Status,2
817.452534845,317.705466148748,0,0,1,95A7_2019-06-16_14-30-50_000_038,SAM_8589,SPECTRUM,CALIBRATED,,,2019-06-16 14:30:50,0,0,,,,,SAM Control,SAM_8589,No Mission,1,0,1,,DLAB_2018-04-12_14-51-44_608_165,DLAB_2018-04-13_12-52-31_209_732,32,-1,0,+INF,0,65535,0,-NAN,$01 $01 Wavelength nm,$03 $06 Intensity mW/(m^2 nm),$f0 $06 Error mW/(m^2 nm),$f1 $00 Status,2
820.76105885376,316.346907421374,0,0,1,95A7_2019-06-16_14-30-50_000_038,SAM_8589,SPECTRUM,CALIBRATED,,,2019-06-16 14:30:50,0,0,,,,,SAM Control,SAM_8589,No Mission,1,0,1,,DLAB_2018-04-12_14-51-44_608_165,DLAB_2018-04-13_12-52-31_209_732,32,-1,0,+INF,0,65535,0,-NAN,$01 $01 Wavelength nm,$03 $06 Intensity mW/(m^2 nm),$f0 $06 Error mW/(m^2 nm),$f1 $00 Status,2
824.06868057348,321.010083183671,0,0,1,95A7_2019-06-16_14-30-50_000_038,SAM_8589,SPECTRUM,CALIBRATED,,,2019-06-16 14:30:50,0,0,,,,,SAM Control,SAM_8589,No Mission,1,0,1,,DLAB_2018-04-12_14-51-44_608_165,DLAB_2018-04-13_12-52-31_209_732,32,-1,0,+INF,0,65535,0,-NAN,$01 $01 Wavelength nm,$03 $06 Intensity mW/(m^2 nm),$f0 $06 Error mW/(m^2 nm),$f1 $00 Status,2
827.37538866032,326.425210963389,0,0,1,95A7_2019-06-16_14-30-50_000_038,SAM_8589,SPECTRUM,CALIBRATED,,,2019-06-16 14:30:50,0,0,,,,,SAM Control,SAM_8589,No Mission,1,0,1,,DLAB_2018-04-12_14-51-44_608_165,DLAB_2018-04-13_12-52-31_209_732,32,-1,0,+INF,0,65535,0,-NAN,$01 $01 Wavelength nm,$03 $06 Intensity mW/(m^2 nm),$f0 $06 Error mW/(m^2 nm),$f1 $00 Status,2
830.68117177044,331.877118487279,0,0,1,95A7_2019-06-16_14-30-50_000_038,SAM_8589,SPECTRUM,CALIBRATED,,,2019-06-16 14:30:50,0,0,,,,,SAM Control,SAM_8589,No Mission,1,0,1,,DLAB_2018-04-12_14-51-44_608_165,DLAB_2018-04-13_12-52-31_209_732,32,-1,0,+INF,0,65535,0,-NAN,$01 $01 Wavelength nm,$03 $06 Intensity mW/(m^2 nm),$f0 $06 Error mW/(m^2 nm),$f1 $00 Status,2
833.98601856,340.187011402854,0,0,1,95A7_2019-06-16_14-30-50_000_038,SAM_8589,SPECTRUM,CALIBRATED,,,2019-06-16 14:30:50,0,0,,,,,SAM Control,SAM_8589,No Mission,1,0,1,,DLAB_2018-04-12_14-51-44_608_165,DLAB_2018-04-13_12-52-31_209_732,32,-1,0,+INF,0,65535,0,-NAN,$01 $01 Wavelength nm,$03 $06 Intensity mW/(m^2 nm),$f0 $06 Error mW/(m^2 nm),$f1 $00 Status,2
837.28991768516,350.552516727611,0,0,1,95A7_2019-06-16_14-30-50_000_038,SAM_8589,SPECTRUM,CALIBRATED,,,2019-06-16 14:30:50,0,0,,,,,SAM Control,SAM_8589,No Mission,1,0,1,,DLAB_2018-04-12_14-51-44_608_165,DLAB_2018-04-13_12-52-31_209_732,32,-1,0,+INF,0,65535,0,-NAN,$01 $01 Wavelength nm,$03 $06 Intensity mW/(m^2 nm),$f0 $06 Error mW/(m^2 nm),$f1 $00 Status,2
840.59285780208,356.430351270387,0,0,1,95A7_2019-06-16_14-30-50_000_038,SAM_8589,SPECTRUM,CALIBRATED,,,2019-06-16 14:30:50,0,0,,,,,SAM Control,SAM_8589,No Mission,1,0,1,,DLAB_2018-04-12_14-51-44_608_165,DLAB_2018-04-13_12-52-31_209_732,32,-1,0,+INF,0,65535,0,-NAN,$01 $01 Wavelength nm,$03 $06 Intensity mW/(m^2 nm),$f0 $06 Error mW/(m^2 nm),$f1 $00 Status,2
843.89482756692,357.447478225667,0,0,1,95A7_2019-06-16_14-30-50_000_038,SAM_8589,SPECTRUM,CALIBRATED,,,2019-06-16 14:30:50,0,0,,,,,SAM Control,SAM_8589,No Mission,1,0,1,,DLAB_2018-04-12_14-51-44_608_165,DLAB_2018-04-13_12-52-31_209_732,32,-1,0,+INF,0,65535,0,-NAN,$01 $01 Wavelength nm,$03 $06 Intensity mW/(m^2 nm),$f0 $06 Error mW/(m^2 nm),$f1 $00 Status,2
847.19581563584,353.745937901288,0,0,1,95A7_2019-06-16_14-30-50_000_038,SAM_8589,SPECTRUM,CALIBRATED,,,2019-06-16 14:30:50,0,0,,,,,SAM Control,SAM_8589,No Mission,1,0,1,,DLAB_2018-04-12_14-51-44_608_165,DLAB_2018-04-13_12-52-31_209_732,32,-1,0,+INF,0,65535,0,-NAN,$01 $01 Wavelength nm,$03 $06 Intensity mW/(m^2 nm),$f0 $06 Error mW/(m^2 nm),$f1 $00 Status,2
850.495810665,345.608817925819,0,0,1,95A7_2019-06-16_14-30-50_000_038,SAM_8589,SPECTRUM,CALIBRATED,,,2019-06-16 14:30:50,0,0,,,,,SAM Control,SAM_8589,No Mission,1,0,1,,DLAB_2018-04-12_14-51-44_608_165,DLAB_2018-04-13_12-52-31_209_732,32,-1,0,+INF,0,65535,0,-NAN,$01 $01 Wavelength nm,$03 $06 Intensity mW/(m^2 nm),$f0 $06 Error mW/(m^2 nm),$f1 $00 Status,2
853.79480131056,340.150507070713,0,0,1,95A7_2019-06-16_14-30-50_000_038,SAM_8589,SPECTRUM,CALIBRATED,,,2019-06-16 14:30:50,0,0,,,,,SAM Control,SAM_8589,No Mission,1,0,1,,DLAB_2018-04-12_14-51-44_608_165,DLAB_2018-04-13_12-52-31_209_732,32,-1,0,+INF,0,65535,0,-NAN,$01 $01 Wavelength nm,$03 $06 Intensity mW/(m^2 nm),$f0 $06 Error mW/(m^2 nm),$f1 $00 Status,2
857.09277622868,341.813336650799,0,0,1,95A7_2019-06-16_14-30-50_000_038,SAM_8589,SPECTRUM,CALIBRATED,,,2019-06-16 14:30:50,0,0,,,,,SAM Control,SAM_8589,No Mission,1,0,1,,DLAB_2018-04-12_14-51-44_608_165,DLAB_2018-04-13_12-52-31_209_732,32,-1,0,+INF,0,65535,0,-NAN,$01 $01 Wavelength nm,$03 $06 Intensity mW/(m^2 nm),$f0 $06 Error mW/(m^2 nm),$f1 $00 Status,2
860.38972407552,344.040435045985,0,0,1,95A7_2019-06-16_14-30-50_000_038,SAM_8589,SPECTRUM,CALIBRATED,,,2019-06-16 14:30:50,0,0,,,,,SAM Control,SAM_8589,No Mission,1,0,1,,DLAB_2018-04-12_14-51-44_608_165,DLAB_2018-04-13_12-52-31_209_732,32,-1,0,+INF,0,65535,0,-NAN,$01 $01 Wavelength nm,$03 $06 Intensity mW/(m^2 nm),$f0 $06 Error mW/(m^2 nm),$f1 $00 Status,2
863.68563350724,338.752585511385,0,0,1,95A7_2019-06-16_14-30-50_000_038,SAM_8589,SPECTRUM,CALIBRATED,,,2019-06-16 14:30:50,0,0,,,,,SAM Control,SAM_8589,No Mission,1,0,1,,DLAB_2018-04-12_14-51-44_608_165,DLAB_2018-04-13_12-52-31_209_732,32,-1,0,+INF,0,65535,0,-NAN,$01 $01 Wavelength nm,$03 $06 Intensity mW/(m^2 nm),$f0 $06 Error mW/(m^2 nm),$f1 $00 Status,2
866.98049318,335.072947953611,0,0,1,95A7_2019-06-16_14-30-50_000_038,SAM_8589,SPECTRUM,CALIBRATED,,,2019-06-16 14:30:50,0,0,,,,,SAM Control,SAM_8589,No Mission,1,0,1,,DLAB_2018-04-12_14-51-44_608_165,DLAB_2018-04-13_12-52-31_209_732,32,-1,0,+INF,0,65535,0,-NAN,$01 $01 Wavelength nm,$03 $06 Intensity mW/(m^2 nm),$f0 $06 Error mW/(m^2 nm),$f1 $00 Status,2
870.27429174996,334.782874304652,0,0,1,95A7_2019-06-16_14-30-50_000_038,SAM_8589,SPECTRUM,CALIBRATED,,,2019-06-16 14:30:50,0,0,,,,,SAM Control,SAM_8589,No Mission,1,0,1,,DLAB_2018-04-12_14-51-44_608_165,DLAB_2018-04-13_12-52-31_209_732,32,-1,0,+INF,0,65535,0,-NAN,$01 $01 Wavelength nm,$03 $06 Intensity mW/(m^2 nm),$f0 $06 Error mW/(m^2 nm),$f1 $00 Status,2
873.56701787328,335.135779866062,0,0,1,95A7_2019-06-16_14-30-50_000_038,SAM_8589,SPECTRUM,CALIBRATED,,,2019-06-16 14:30:50,0,0,,,,,SAM Control,SAM_8589,No Mission,1,0,1,,DLAB_2018-04-12_14-51-44_608_165,DLAB_2018-04-13_12-52-31_209_732,32,-1,0,+INF,0,65535,0,-NAN,$01 $01 Wavelength nm,$03 $06 Intensity mW/(m^2 nm),$f0 $06 Error mW/(m^2 nm),$f1 $00 Status,2
876.85866020612,333.091255060468,0,0,1,95A7_2019-06-16_14-30-50_000_038,SAM_8589,SPECTRUM,CALIBRATED,,,2019-06-16 14:30:50,0,0,,,,,SAM Control,SAM_8589,No Mission,1,0,1,,DLAB_2018-04-12_14-51-44_608_165,DLAB_2018-04-13_12-52-31_209_732,32,-1,0,+INF,0,65535,0,-NAN,$01 $01 Wavelength nm,$03 $06 Intensity mW/(m^2 nm),$f0 $06 Error mW/(m^2 nm),$f1 $00 Status,2
880.14920740464,330.686089610478,0,0,1,95A7_2019-06-16_14-30-50_000_038,SAM_8589,SPECTRUM,CALIBRATED,,,2019-06-16 14:30:50,0,0,,,,,SAM Control,SAM_8589,No Mission,1,0,1,,DLAB_2018-04-12_14-51-44_608_165,DLAB_2018-04-13_12-52-31_209_732,32,-1,0,+INF,0,65535,0,-NAN,$01 $01 Wavelength nm,$03 $06 Intensity mW/(m^2 nm),$f0 $06 Error mW/(m^2 nm),$f1 $00 Status,2
883.438648125,328.257659937391,0,0,1,95A7_2019-06-16_14-30-50_000_038,SAM_8589,SPECTRUM,CALIBRATED,,,2019-06-16 14:30:50,0,0,,,,,SAM Control,SAM_8589,No Mission,1,0,1,,DLAB_2018-04-12_14-51-44_608_165,DLAB_2018-04-13_12-52-31_209_732,32,-1,0,+INF,0,65535,0,-NAN,$01 $01 Wavelength nm,$03 $06 Intensity mW/(m^2 nm),$f0 $06 Error mW/(m^2 nm),$f1 $00 Status,2
886.72697102336,324.972645542832,0,0,1,95A7_2019-06-16_14-30-50_000_038,SAM_8589,SPECTRUM,CALIBRATED,,,2019-06-16 14:30:50,0,0,,,,,SAM Control,SAM_8589,No Mission,1,0,1,,DLAB_2018-04-12_14-51-44_608_165,DLAB_2018-04-13_12-52-31_209_732,32,-1,0,+INF,0,65535,0,-NAN,$01 $01 Wavelength nm,$03 $06 Intensity mW/(m^2 nm),$f0 $06 Error mW/(m^2 nm),$f1 $00 Status,2
890.01416475588,316.141597321953,0,0,1,95A7_2019-06-16_14-30-50_000_038,SAM_8589,SPECTRUM,CALIBRATED,,,2019-06-16 14:30:50,0,0,,,,,SAM Control,SAM_8589,No Mission,1,0,1,,DLAB_2018-04-12_14-51-44_608_165,DLAB_2018-04-13_12-52-31_209_732,32,-1,0,+INF,0,65535,0,-NAN,$01 $01 Wavelength nm,$03 $06 Intensity mW/(m^2 nm),$f0 $06 Error mW/(m^2 nm),$f1 $00 Status,2
893.30021797872,294.1371160335,0,0,1,95A7_2019-06-16_14-30-50_000_038,SAM_8589,SPECTRUM,CALIBRATED,,,2019-06-16 14:30:50,0,0,,,,,SAM Control,SAM_8589,No Mission,1,0,1,,DLAB_2018-04-12_14-51-44_608_165,DLAB_2018-04-13_12-52-31_209_732,32,-1,0,+INF,0,65535,0,-NAN,$01 $01 Wavelength nm,$03 $06 Intensity mW/(m^2 nm),$f0 $06 Error mW/(m^2 nm),$f1 $00 Status,2
896.58511934804,267.476603455107,0,0,1,95A7_2019-06-16_14-30-50_000_038,SAM_8589,SPECTRUM,CALIBRATED,,,2019-06-16 14:30:50,0,0,,,,,SAM Control,SAM_8589,No Mission,1,0,1,,DLAB_2018-04-12_14-51-44_608_165,DLAB_2018-04-13_12-52-31_209_732,32,-1,0,+INF,0,65535,0,-NAN,$01 $01 Wavelength nm,$03 $06 Intensity mW/(m^2 nm),$f0 $06 Error mW/(m^2 nm),$f1 $00 Status,2
899.86885752,251.736874593306,0,0,1,95A7_2019-06-16_14-30-50_000_038,SAM_8589,SPECTRUM,CALIBRATED,,,2019-06-16 14:30:50,0,0,,,,,SAM Control,SAM_8589,No Mission,1,0,1,,DLAB_2018-04-12_14-51-44_608_165,DLAB_2018-04-13_12-52-31_209_732,32,-1,0,+INF,0,65535,0,-NAN,$01 $01 Wavelength nm,$03 $06 Intensity mW/(m^2 nm),$f0 $06 Error mW/(m^2 nm),$f1 $00 Status,2
903.15142115076,249.791224721247,0,0,1,95A7_2019-06-16_14-30-50_000_038,SAM_8589,SPECTRUM,CALIBRATED,,,2019-06-16 14:30:50,0,0,,,,,SAM Control,SAM_8589,No Mission,1,0,1,,DLAB_2018-04-12_14-51-44_608_165,DLAB_2018-04-13_12-52-31_209_732,32,-1,0,+INF,0,65535,0,-NAN,$01 $01 Wavelength nm,$03 $06 Intensity mW/(m^2 nm),$f0 $06 Error mW/(m^2 nm),$f1 $00 Status,2
906.43279889648,247.074943348692,0,0,1,95A7_2019-06-16_14-30-50_000_038,SAM_8589,SPECTRUM,CALIBRATED,,,2019-06-16 14:30:50,0,0,,,,,SAM Control,SAM_8589,No Mission,1,0,1,,DLAB_2018-04-12_14-51-44_608_165,DLAB_2018-04-13_12-52-31_209_732,32,-1,0,+INF,0,65535,0,-NAN,$01 $01 Wavelength nm,$03 $06 Intensity mW/(m^2 nm),$f0 $06 Error mW/(m^2 nm),$f1 $00 Status,2
909.71297941332,237.255032657663,0,0,1,95A7_2019-06-16_14-30-50_000_038,SAM_8589,SPECTRUM,CALIBRATED,,,2019-06-16 14:30:50,0,0,,,,,SAM Control,SAM_8589,No Mission,1,0,1,,DLAB_2018-04-12_14-51-44_608_165,DLAB_2018-04-13_12-52-31_209_732,32,-1,0,+INF,0,65535,0,-NAN,$01 $01 Wavelength nm,$03 $06 Intensity mW/(m^2 nm),$f0 $06 Error mW/(m^2 nm),$f1 $00 Status,2
912.99195135744,231.522828272458,0,0,1,95A7_2019-06-16_14-30-50_000_038,SAM_8589,SPECTRUM,CALIBRATED,,,2019-06-16 14:30:50,0,0,,,,,SAM Control,SAM_8589,No Mission,1,0,1,,DLAB_2018-04-12_14-51-44_608_165,DLAB_2018-04-13_12-52-31_209_732,32,-1,0,+INF,0,65535,0,-NAN,$01 $01 Wavelength nm,$03 $06 Intensity mW/(m^2 nm),$f0 $06 Error mW/(m^2 nm),$f1 $00 Status,2
916.269703385,233.693814293938,0,0,1,95A7_2019-06-16_14-30-50_000_038,SAM_8589,SPECTRUM,CALIBRATED,,,2019-06-16 14:30:50,0,0,,,,,SAM Control,SAM_8589,No Mission,1,0,1,,DLAB_2018-04-12_14-51-44_608_165,DLAB_2018-04-13_12-52-31_209_732,32,-1,0,+INF,0,65535,0,-NAN,$01 $01 Wavelength nm,$03 $06 Intensity mW/(m^2 nm),$f0 $06 Error mW/(m^2 nm),$f1 $00 Status,2
919.54622415216,240.441388907125,0,0,1,95A7_2019-06-16_14-30-50_000_038,SAM_8589,SPECTRUM,CALIBRATED,,,2019-06-16 14:30:50,0,0,,,,,SAM Control,SAM_8589,No Mission,1,0,1,,DLAB_2018-04-12_14-51-44_608_165,DLAB_2018-04-13_12-52-31_209_732,32,-1,0,+INF,0,65535,0,-NAN,$01 $01 Wavelength nm,$03 $06 Intensity mW/(m^2 nm),$f0 $06 Error mW/(m^2 nm),$f1 $00 Status,2
922.82150231508,239.727876036181,0,0,1,95A7_2019-06-16_14-30-50_000_038,SAM_8589,SPECTRUM,CALIBRATED,,,2019-06-16 14:30:50,0,0,,,,,SAM Control,SAM_8589,No Mission,1,0,1,,DLAB_2018-04-12_14-51-44_608_165,DLAB_2018-04-13_12-52-31_209_732,32,-1,0,+INF,0,65535,0,-NAN,$01 $01 Wavelength nm,$03 $06 Intensity mW/(m^2 nm),$f0 $06 Error mW/(m^2 nm),$f1 $00 Status,2
926.09552652992,218.324963885146,0,0,1,95A7_2019-06-16_14-30-50_000_038,SAM_8589,SPECTRUM,CALIBRATED,,,2019-06-16 14:30:50,0,0,,,,,SAM Control,SAM_8589,No Mission,1,0,1,,DLAB_2018-04-12_14-51-44_608_165,DLAB_2018-04-13_12-52-31_209_732,32,-1,0,+INF,0,65535,0,-NAN,$01 $01 Wavelength nm,$03 $06 Intensity mW/(m^2 nm),$f0 $06 Error mW/(m^2 nm),$f1 $00 Status,2
929.36828545284,172.939454981419,0,0,1,95A7_2019-06-16_14-30-50_000_038,SAM_8589,SPECTRUM,CALIBRATED,,,2019-06-16 14:30:50,0,0,,,,,SAM Control,SAM_8589,No Mission,1,0,1,,DLAB_2018-04-12_14-51-44_608_165,DLAB_2018-04-13_12-52-31_209_732,32,-1,0,+INF,0,65535,0,-NAN,$01 $01 Wavelength nm,$03 $06 Intensity mW/(m^2 nm),$f0 $06 Error mW/(m^2 nm),$f1 $00 Status,2
932.63976774,127.052000386065,0,0,1,95A7_2019-06-16_14-30-50_000_038,SAM_8589,SPECTRUM,CALIBRATED,,,2019-06-16 14:30:50,0,0,,,,,SAM Control,SAM_8589,No Mission,1,0,1,,DLAB_2018-04-12_14-51-44_608_165,DLAB_2018-04-13_12-52-31_209_732,32,-1,0,+INF,0,65535,0,-NAN,$01 $01 Wavelength nm,$03 $06 Intensity mW/(m^2 nm),$f0 $06 Error mW/(m^2 nm),$f1 $00 Status,2
935.90996204756,108.073471565948,0,0,1,95A7_2019-06-16_14-30-50_000_038,SAM_8589,SPECTRUM,CALIBRATED,,,2019-06-16 14:30:50,0,0,,,,,SAM Control,SAM_8589,No Mission,1,0,1,,DLAB_2018-04-12_14-51-44_608_165,DLAB_2018-04-13_12-52-31_209_732,32,-1,0,+INF,0,65535,0,-NAN,$01 $01 Wavelength nm,$03 $06 Intensity mW/(m^2 nm),$f0 $06 Error mW/(m^2 nm),$f1 $00 Status,2
939.17885703168,112.362390375031,0,0,1,95A7_2019-06-16_14-30-50_000_038,SAM_8589,SPECTRUM,CALIBRATED,,,2019-06-16 14:30:50,0,0,,,,,SAM Control,SAM_8589,No Mission,1,0,1,,DLAB_2018-04-12_14-51-44_608_165,DLAB_2018-04-13_12-52-31_209_732,32,-1,0,+INF,0,65535,0,-NAN,$01 $01 Wavelength nm,$03 $06 Intensity mW/(m^2 nm),$f0 $06 Error mW/(m^2 nm),$f1 $00 Status,2
942.44644134852,116.819505790768,0,0,1,95A7_2019-06-16_14-30-50_000_038,SAM_8589,SPECTRUM,CALIBRATED,,,2019-06-16 14:30:50,0,0,,,,,SAM Control,SAM_8589,No Mission,1,0,1,,DLAB_2018-04-12_14-51-44_608_165,DLAB_2018-04-13_12-52-31_209_732,32,-1,0,+INF,0,65535,0,-NAN,$01 $01 Wavelength nm,$03 $06 Intensity mW/(m^2 nm),$f0 $06 Error mW/(m^2 nm),$f1 $00 Status,2
945.71270365424,116.949753837467,0,0,1,95A7_2019-06-16_14-30-50_000_038,SAM_8589,SPECTRUM,CALIBRATED,,,2019-06-16 14:30:50,0,0,,,,,SAM Control,SAM_8589,No Mission,1,0,1,,DLAB_2018-04-12_14-51-44_608_165,DLAB_2018-04-13_12-52-31_209_732,32,-1,0,+INF,0,65535,0,-NAN,$01 $01 Wavelength nm,$03 $06 Intensity mW/(m^2 nm),$f0 $06 Error mW/(m^2 nm),$f1 $00 Status,2
948.977632605,118.188891754529,0,0,1,95A7_2019-06-16_14-30-50_000_038,SAM_8589,SPECTRUM,CALIBRATED,,,2019-06-16 14:30:50,0,0,,,,,SAM Control,SAM_8589,No Mission,1,0,1,,DLAB_2018-04-12_14-51-44_608_165,DLAB_2018-04-13_12-52-31_209_732,32,-1,0,+INF,0,65535,0,-NAN,$01 $01 Wavelength nm,$03 $06 Intensity mW/(m^2 nm),$f0 $06 Error mW/(m^2 nm),$f1 $00 Status,2
952.24121685696,124.442598570444,0,0,1,95A7_2019-06-16_14-30-50_000_038,SAM_8589,SPECTRUM,CALIBRATED,,,2019-06-16 14:30:50,0,0,,,,,SAM Control,SAM_8589,No Mission,1,0,1,,DLAB_2018-04-12_14-51-44_608_165,DLAB_2018-04-13_12-52-31_209_732,32,-1,0,+INF,0,65535,0,-NAN,$01 $01 Wavelength nm,$03 $06 Intensity mW/(m^2 nm),$f0 $06 Error mW/(m^2 nm),$f1 $00 Status,2
955.50344506628,0,0,0,1,95A7_2019-06-16_14-30-50_000_038,SAM_8589,SPECTRUM,CALIBRATED,,,2019-06-16 14:30:50,0,0,,,,,SAM Control,SAM_8589,No Mission,1,0,1,,DLAB_2018-04-12_14-51-44_608_165,DLAB_2018-04-13_12-52-31_209_732,32,-1,0,+INF,0,65535,0,-NAN,$01 $01 Wavelength nm,$03 $06 Intensity mW/(m^2 nm),$f0 $06 Error mW/(m^2 nm),$f1 $00 Status,2
958.76430588912,0,0,0,1,95A7_2019-06-16_14-30-50_000_038,SAM_8589,SPECTRUM,CALIBRATED,,,2019-06-16 14:30:50,0,0,,,,,SAM Control,SAM_8589,No Mission,1,0,1,,DLAB_2018-04-12_14-51-44_608_165,DLAB_2018-04-13_12-52-31_209_732,32,-1,0,+INF,0,65535,0,-NAN,$01 $01 Wavelength nm,$03 $06 Intensity mW/(m^2 nm),$f0 $06 Error mW/(m^2 nm),$f1 $00 Status,2
962.02378798164,0,0,0,1,95A7_2019-06-16_14-30-50_000_038,SAM_8589,SPECTRUM,CALIBRATED,,,2019-06-16 14:30:50,0,0,,,,,SAM Control,SAM_8589,No Mission,1,0,1,,DLAB_2018-04-12_14-51-44_608_165,DLAB_2018-04-13_12-52-31_209_732,32,-1,0,+INF,0,65535,0,-NAN,$01 $01 Wavelength nm,$03 $06 Intensity mW/(m^2 nm),$f0 $06 Error mW/(m^2 nm),$f1 $00 Status,2
965.28188,0,0,0,1,95A7_2019-06-16_14-30-50_000_038,SAM_8589,SPECTRUM,CALIBRATED,,,2019-06-16 14:30:50,0,0,,,,,SAM Control,SAM_8589,No Mission,1,0,1,,DLAB_2018-04-12_14-51-44_608_165,DLAB_2018-04-13_12-52-31_209_732,32,-1,0,+INF,0,65535,0,-NAN,$01 $01 Wavelength nm,$03 $06 Intensity mW/(m^2 nm),$f0 $06 Error mW/(m^2 nm),$f1 $00 Status,2
968.53857060036,0,0,0,1,95A7_2019-06-16_14-30-50_000_038,SAM_8589,SPECTRUM,CALIBRATED,,,2019-06-16 14:30:50,0,0,,,,,SAM Control,SAM_8589,No Mission,1,0,1,,DLAB_2018-04-12_14-51-44_608_165,DLAB_2018-04-13_12-52-31_209_732,32,-1,0,+INF,0,65535,0,-NAN,$01 $01 Wavelength nm,$03 $06 Intensity mW/(m^2 nm),$f0 $06 Error mW/(m^2 nm),$f1 $00 Status,2
971.79384843888,0,0,0,1,95A7_2019-06-16_14-30-50_000_038,SAM_8589,SPECTRUM,CALIBRATED,,,2019-06-16 14:30:50,0,0,,,,,SAM Control,SAM_8589,No Mission,1,0,1,,DLAB_2018-04-12_14-51-44_608_165,DLAB_2018-04-13_12-52-31_209_732,32,-1,0,+INF,0,65535,0,-NAN,$01 $01 Wavelength nm,$03 $06 Intensity mW/(m^2 nm),$f0 $06 Error mW/(m^2 nm),$f1 $00 Status,2
975.04770217172,0,0,0,1,95A7_2019-06-16_14-30-50_000_038,SAM_8589,SPECTRUM,CALIBRATED,,,2019-06-16 14:30:50,0,0,,,,,SAM Control,SAM_8589,No Mission,1,0,1,,DLAB_2018-04-12_14-51-44_608_165,DLAB_2018-04-13_12-52-31_209_732,32,-1,0,+INF,0,65535,0,-NAN,$01 $01 Wavelength nm,$03 $06 Intensity mW/(m^2 nm),$f0 $06 Error mW/(m^2 nm),$f1 $00 Status,2
978.30012045504,0,0,0,1,95A7_2019-06-16_14-30-50_000_038,SAM_8589,SPECTRUM,CALIBRATED,,,2019-06-16 14:30:50,0,0,,,,,SAM Control,SAM_8589,No Mission,1,0,1,,DLAB_2018-04-12_14-51-44_608_165,DLAB_2018-04-13_12-52-31_209_732,32,-1,0,+INF,0,65535,0,-NAN,$01 $01 Wavelength nm,$03 $06 Intensity mW/(m^2 nm),$f0 $06 Error mW/(m^2 nm),$f1 $00 Status,2
981.551091945,0,0,0,1,95A7_2019-06-16_14-30-50_000_038,SAM_8589,SPECTRUM,CALIBRATED,,,2019-06-16 14:30:50,0,0,,,,,SAM Control,SAM_8589,No Mission,1,0,1,,DLAB_2018-04-12_14-51-44_608_165,DLAB_2018-04-13_12-52-31_209_732,32,-1,0,+INF,0,65535,0,-NAN,$01 $01 Wavelength nm,$03 $06 Intensity mW/(m^2 nm),$f0 $06 Error mW/(m^2 nm),$f1 $00 Status,2
984.80060529776,0,0,0,1,95A7_2019-06-16_14-30-50_000_038,SAM_8589,SPECTRUM,CALIBRATED,,,2019-06-16 14:30:50,0,0,,,,,SAM Control,SAM_8589,No Mission,1,0,1,,DLAB_2018-04-12_14-51-44_608_165,DLAB_2018-04-13_12-52-31_209_732,32,-1,0,+INF,0,65535,0,-NAN,$01 $01 Wavelength nm,$03 $06 Intensity mW/(m^2 nm),$f0 $06 Error mW/(m^2 nm),$f1 $00 Status,2
988.04864916948,0,0,0,1,95A7_2019-06-16_14-30-50_000_038,SAM_8589,SPECTRUM,CALIBRATED,,,2019-06-16 14:30:50,0,0,,,,,SAM Control,SAM_8589,No Mission,1,0,1,,DLAB_2018-04-12_14-51-44_608_165,DLAB_2018-04-13_12-52-31_209_732,32,-1,0,+INF,0,65535,0,-NAN,$01 $01 Wavelength nm,$03 $06 Intensity mW/(m^2 nm),$f0 $06 Error mW/(m^2 nm),$f1 $00 Status,2
991.29521221632,0,0,0,1,95A7_2019-06-16_14-30-50_000_038,SAM_8589,SPECTRUM,CALIBRATED,,,2019-06-16 14:30:50,0,0,,,,,SAM Control,SAM_8589,No Mission,1,0,1,,DLAB_2018-04-12_14-51-44_608_165,DLAB_2018-04-13_12-52-31_209_732,32,-1,0,+INF,0,65535,0,-NAN,$01 $01 Wavelength nm,$03 $06 Intensity mW/(m^2 nm),$f0 $06 Error mW/(m^2 nm),$f1 $00 Status,2
994.54028309444,0,0,0,1,95A7_2019-06-16_14-30-50_000_038,SAM_8589,SPECTRUM,CALIBRATED,,,2019-06-16 14:30:50,0,0,,,,,SAM Control,SAM_8589,No Mission,1,0,1,,DLAB_2018-04-12_14-51-44_608_165,DLAB_2018-04-13_12-52-31_209_732,32,-1,0,+INF,0,65535,0,-NAN,$01 $01 Wavelength nm,$03 $06 Intensity mW/(m^2 nm),$f0 $06 Error mW/(m^2 nm),$f1 $00 Status,2
997.78385046,0,0,0,1,95A7_2019-06-16_14-30-50_000_038,SAM_8589,SPECTRUM,CALIBRATED,,,2019-06-16 14:30:50,0,0,,,,,SAM Control,SAM_8589,No Mission,1,0,1,,DLAB_2018-04-12_14-51-44_608_165,DLAB_2018-04-13_12-52-31_209_732,32,-1,0,+INF,0,65535,0,-NAN,$01 $01 Wavelength nm,$03 $06 Intensity mW/(m^2 nm),$f0 $06 Error mW/(m^2 nm),$f1 $00 Status,2
1001.02590296916,0,0,0,1,95A7_2019-06-16_14-30-50_000_038,SAM_8589,SPECTRUM,CALIBRATED,,,2019-06-16 14:30:50,0,0,,,,,SAM Control,SAM_8589,No Mission,1,0,1,,DLAB_2018-04-12_14-51-44_608_165,DLAB_2018-04-13_12-52-31_209_732,32,-1,0,+INF,0,65535,0,-NAN,$01 $01 Wavelength nm,$03 $06 Intensity mW/(m^2 nm),$f0 $06 Error mW/(m^2 nm),$f1 $00 Status,2
1004.26642927808,0,0,0,1,95A7_2019-06-16_14-30-50_000_038,SAM_8589,SPECTRUM,CALIBRATED,,,2019-06-16 14:30:50,0,0,,,,,SAM Control,SAM_8589,No Mission,1,0,1,,DLAB_2018-04-12_14-51-44_608_165,DLAB_2018-04-13_12-52-31_209_732,32,-1,0,+INF,0,65535,0,-NAN,$01 $01 Wavelength nm,$03 $06 Intensity mW/(m^2 nm),$f0 $06 Error mW/(m^2 nm),$f1 $00 Status,2
1007.50541804292,0,0,0,1,95A7_2019-06-16_14-30-50_000_038,SAM_8589,SPECTRUM,CALIBRATED,,,2019-06-16 14:30:50,0,0,,,,,SAM Control,SAM_8589,No Mission,1,0,1,,DLAB_2018-04-12_14-51-44_608_165,DLAB_2018-04-13_12-52-31_209_732,32,-1,0,+INF,0,65535,0,-NAN,$01 $01 Wavelength nm,$03 $06 Intensity mW/(m^2 nm),$f0 $06 Error mW/(m^2 nm),$f1 $00 Status,2
1010.74285791984,0,0,0,1,95A7_2019-06-16_14-30-50_000_038,SAM_8589,SPECTRUM,CALIBRATED,,,2019-06-16 14:30:50,0,0,,,,,SAM Control,SAM_8589,No Mission,1,0,1,,DLAB_2018-04-12_14-51-44_608_165,DLAB_2018-04-13_12-52-31_209_732,32,-1,0,+INF,0,65535,0,-NAN,$01 $01 Wavelength nm,$03 $06 Intensity mW/(m^2 nm),$f0 $06 Error mW/(m^2 nm),$f1 $00 Status,2
1013.978737565,0,0,0,1,95A7_2019-06-16_14-30-50_000_038,SAM_8589,SPECTRUM,CALIBRATED,,,2019-06-16 14:30:50,0,0,,,,,SAM Control,SAM_8589,No Mission,1,0,1,,DLAB_2018-04-12_14-51-44_608_165,DLAB_2018-04-13_12-52-31_209_732,32,-1,0,+INF,0,65535,0,-NAN,$01 $01 Wavelength nm,$03 $06 Intensity mW/(m^2 nm),$f0 $06 Error mW/(m^2 nm),$f1 $00 Status,2
1017.21304563456,0,0,0,1,95A7_2019-06-16_14-30-50_000_038,SAM_8589,SPECTRUM,CALIBRATED,,,2019-06-16 14:30:50,0,0,,,,,SAM Control,SAM_8589,No Mission,1,0,1,,DLAB_2018-04-12_14-51-44_608_165,DLAB_2018-04-13_12-52-31_209_732,32,-1,0,+INF,0,65535,0,-NAN,$01 $01 Wavelength nm,$03 $06 Intensity mW/(m^2 nm),$f0 $06 Error mW/(m^2 nm),$f1 $00 Status,2
1020.44577078468,0,0,0,1,95A7_2019-06-16_14-30-50_000_038,SAM_8589,SPECTRUM,CALIBRATED,,,2019-06-16 14:30:50,0,0,,,,,SAM Control,SAM_8589,No Mission,1,0,1,,DLAB_2018-04-12_14-51-44_608_165,DLAB_2018-04-13_12-52-31_209_732,32,-1,0,+INF,0,65535,0,-NAN,$01 $01 Wavelength nm,$03 $06 Intensity mW/(m^2 nm),$f0 $06 Error mW/(m^2 nm),$f1 $00 Status,2
1023.67690167152,0,0,0,1,95A7_2019-06-16_14-30-50_000_038,SAM_8589,SPECTRUM,CALIBRATED,,,2019-06-16 14:30:50,0,0,,,,,SAM Control,SAM_8589,No Mission,1,0,1,,DLAB_2018-04-12_14-51-44_608_165,DLAB_2018-04-13_12-52-31_209_732,32,-1,0,+INF,0,65535,0,-NAN,$01 $01 Wavelength nm,$03 $06 Intensity mW/(m^2 nm),$f0 $06 Error mW/(m^2 nm),$f1 $00 Status,2
1026.90642695124,0,0,0,1,95A7_2019-06-16_14-30-50_000_038,SAM_8589,SPECTRUM,CALIBRATED,,,2019-06-16 14:30:50,0,0,,,,,SAM Control,SAM_8589,No Mission,1,0,1,,DLAB_2018-04-12_14-51-44_608_165,DLAB_2018-04-13_12-52-31_209_732,32,-1,0,+INF,0,65535,0,-NAN,$01 $01 Wavelength nm,$03 $06 Intensity mW/(m^2 nm),$f0 $06 Error mW/(m^2 nm),$f1 $00 Status,2
1030.13433528,0,0,0,1,95A7_2019-06-16_14-30-50_000_038,SAM_8589,SPECTRUM,CALIBRATED,,,2019-06-16 14:30:50,0,0,,,,,SAM Control,SAM_8589,No Mission,1,0,1,,DLAB_2018-04-12_14-51-44_608_165,DLAB_2018-04-13_12-52-31_209_732,32,-1,0,+INF,0,65535,0,-NAN,$01 $01 Wavelength nm,$03 $06 Intensity mW/(m^2 nm),$f0 $06 Error mW/(m^2 nm),$f1 $00 Status,2
1033.36061531396,0,0,0,1,95A7_2019-06-16_14-30-50_000_038,SAM_8589,SPECTRUM,CALIBRATED,,,2019-06-16 14:30:50,0,0,,,,,SAM Control,SAM_8589,No Mission,1,0,1,,DLAB_2018-04-12_14-51-44_608_165,DLAB_2018-04-13_12-52-31_209_732,32,-1,0,+INF,0,65535,0,-NAN,$01 $01 Wavelength nm,$03 $06 Intensity mW/(m^2 nm),$f0 $06 Error mW/(m^2 nm),$f1 $00 Status,2
1036.58525570928,0,0,0,1,95A7_2019-06-16_14-30-50_000_038,SAM_8589,SPECTRUM,CALIBRATED,,,2019-06-16 14:30:50,0,0,,,,,SAM Control,SAM_8589,No Mission,1,0,1,,DLAB_2018-04-12_14-51-44_608_165,DLAB_2018-04-13_12-52-31_209_732,32,-1,0,+INF,0,65535,0,-NAN,$01 $01 Wavelength nm,$03 $06 Intensity mW/(m^2 nm),$f0 $06 Error mW/(m^2 nm),$f1 $00 Status,2
1039.80824512212,0,0,0,1,95A7_2019-06-16_14-30-50_000_038,SAM_8589,SPECTRUM,CALIBRATED,,,2019-06-16 14:30:50,0,0,,,,,SAM Control,SAM_8589,No Mission,1,0,1,,DLAB_2018-04-12_14-51-44_608_165,DLAB_2018-04-13_12-52-31_209_732,32,-1,0,+INF,0,65535,0,-NAN,$01 $01 Wavelength nm,$03 $06 Intensity mW/(m^2 nm),$f0 $06 Error mW/(m^2 nm),$f1 $00 Status,2
1043.02957220864,0,0,0,1,95A7_2019-06-16_14-30-50_000_038,SAM_8589,SPECTRUM,CALIBRATED,,,2019-06-16 14:30:50,0,0,,,,,SAM Control,SAM_8589,No Mission,1,0,1,,DLAB_2018-04-12_14-51-44_608_165,DLAB_2018-04-13_12-52-31_209_732,32,-1,0,+INF,0,65535,0,-NAN,$01 $01 Wavelength nm,$03 $06 Intensity mW/(m^2 nm),$f0 $06 Error mW/(m^2 nm),$f1 $00 Status,2
1046.249225625,0,0,0,1,95A7_2019-06-16_14-30-50_000_038,SAM_8589,SPECTRUM,CALIBRATED,,,2019-06-16 14:30:50,0,0,,,,,SAM Control,SAM_8589,No Mission,1,0,1,,DLAB_2018-04-12_14-51-44_608_165,DLAB_2018-04-13_12-52-31_209_732,32,-1,0,+INF,0,65535,0,-NAN,$01 $01 Wavelength nm,$03 $06 Intensity mW/(m^2 nm),$f0 $06 Error mW/(m^2 nm),$f1 $00 Status,2
1049.46719402736,0,0,0,1,95A7_2019-06-16_14-30-50_000_038,SAM_8589,SPECTRUM,CALIBRATED,,,2019-06-16 14:30:50,0,0,,,,,SAM Control,SAM_8589,No Mission,1,0,1,,DLAB_2018-04-12_14-51-44_608_165,DLAB_2018-04-13_12-52-31_209_732,32,-1,0,+INF,0,65535,0,-NAN,$01 $01 Wavelength nm,$03 $06 Intensity mW/(m^2 nm),$f0 $06 Error mW/(m^2 nm),$f1 $00 Status,2
1052.68346607188,0,0,0,1,95A7_2019-06-16_14-30-50_000_038,SAM_8589,SPECTRUM,CALIBRATED,,,2019-06-16 14:30:50,0,0,,,,,SAM Control,SAM_8589,No Mission,1,0,1,,DLAB_2018-04-12_14-51-44_608_165,DLAB_2018-04-13_12-52-31_209_732,32,-1,0,+INF,0,65535,0,-NAN,$01 $01 Wavelength nm,$03 $06 Intensity mW/(m^2 nm),$f0 $06 Error mW/(m^2 nm),$f1 $00 Status,2
1055.89803041472,0,0,0,1,95A7_2019-06-16_14-30-50_000_038,SAM_8589,SPECTRUM,CALIBRATED,,,2019-06-16 14:30:50,0,0,,,,,SAM Control,SAM_8589,No Mission,1,0,1,,DLAB_2018-04-12_14-51-44_608_165,DLAB_2018-04-13_12-52-31_209_732,32,-1,0,+INF,0,65535,0,-NAN,$01 $01 Wavelength nm,$03 $06 Intensity mW/(m^2 nm),$f0 $06 Error mW/(m^2 nm),$f1 $00 Status,2
1059.11087571204,0,0,0,1,95A7_2019-06-16_14-30-50_000_038,SAM_8589,SPECTRUM,CALIBRATED,,,2019-06-16 14:30:50,0,0,,,,,SAM Control,SAM_8589,No Mission,1,0,1,,DLAB_2018-04-12_14-51-44_608_165,DLAB_2018-04-13_12-52-31_209_732,32,-1,0,+INF,0,65535,0,-NAN,$01 $01 Wavelength nm,$03 $06 Intensity mW/(m^2 nm),$f0 $06 Error mW/(m^2 nm),$f1 $00 Status,2
1062.32199062,0,0,0,1,95A7_2019-06-16_14-30-50_000_038,SAM_8589,SPECTRUM,CALIBRATED,,,2019-06-16 14:30:50,0,0,,,,,SAM Control,SAM_8589,No Mission,1,0,1,,DLAB_2018-04-12_14-51-44_608_165,DLAB_2018-04-13_12-52-31_209_732,32,-1,0,+INF,0,65535,0,-NAN,$01 $01 Wavelength nm,$03 $06 Intensity mW/(m^2 nm),$f0 $06 Error mW/(m^2 nm),$f1 $00 Status,2
1065.53136379476,0,0,0,1,95A7_2019-06-16_14-30-50_000_038,SAM_8589,SPECTRUM,CALIBRATED,,,2019-06-16 14:30:50,0,0,,,,,SAM Control,SAM_8589,No Mission,1,0,1,,DLAB_2018-04-12_14-51-44_608_165,DLAB_2018-04-13_12-52-31_209_732,32,-1,0,+INF,0,65535,0,-NAN,$01 $01 Wavelength nm,$03 $06 Intensity mW/(m^2 nm),$f0 $06 Error mW/(m^2 nm),$f1 $00 Status,2
1068.73898389248,0,0,0,1,95A7_2019-06-16_14-30-50_000_038,SAM_8589,SPECTRUM,CALIBRATED,,,2019-06-16 14:30:50,0,0,,,,,SAM Control,SAM_8589,No Mission,1,0,1,,DLAB_2018-04-12_14-51-44_608_165,DLAB_2018-04-13_12-52-31_209_732,32,-1,0,+INF,0,65535,0,-NAN,$01 $01 Wavelength nm,$03 $06 Intensity mW/(m^2 nm),$f0 $06 Error mW/(m^2 nm),$f1 $00 Status,2
1071.94483956932,0,0,0,1,95A7_2019-06-16_14-30-50_000_038,SAM_8589,SPECTRUM,CALIBRATED,,,2019-06-16 14:30:50,0,0,,,,,SAM Control,SAM_8589,No Mission,1,0,1,,DLAB_2018-04-12_14-51-44_608_165,DLAB_2018-04-13_12-52-31_209_732,32,-1,0,+INF,0,65535,0,-NAN,$01 $01 Wavelength nm,$03 $06 Intensity mW/(m^2 nm),$f0 $06 Error mW/(m^2 nm),$f1 $00 Status,2
1075.14891948144,0,0,0,1,95A7_2019-06-16_14-30-50_000_038,SAM_8589,SPECTRUM,CALIBRATED,,,2019-06-16 14:30:50,0,0,,,,,SAM Control,SAM_8589,No Mission,1,0,1,,DLAB_2018-04-12_14-51-44_608_165,DLAB_2018-04-13_12-52-31_209_732,32,-1,0,+INF,0,65535,0,-NAN,$01 $01 Wavelength nm,$03 $06 Intensity mW/(m^2 nm),$f0 $06 Error mW/(m^2 nm),$f1 $00 Status,2
1078.351212285,0,0,0,1,95A7_2019-06-16_14-30-50_000_038,SAM_8589,SPECTRUM,CALIBRATED,,,2019-06-16 14:30:50,0,0,,,,,SAM Control,SAM_8589,No Mission,1,0,1,,DLAB_2018-04-12_14-51-44_608_165,DLAB_2018-04-13_12-52-31_209_732,32,-1,0,+INF,0,65535,0,-NAN,$01 $01 Wavelength nm,$03 $06 Intensity mW/(m^2 nm),$f0 $06 Error mW/(m^2 nm),$f1 $00 Status,2
1081.55170663616,0,0,0,1,95A7_2019-06-16_14-30-50_000_038,SAM_8589,SPECTRUM,CALIBRATED,,,2019-06-16 14:30:50,0,0,,,,,SAM Control,SAM_8589,No Mission,1,0,1,,DLAB_2018-04-12_14-51-44_608_165,DLAB_2018-04-13_12-52-31_209_732,32,-1,0,+INF,0,65535,0,-NAN,$01 $01 Wavelength nm,$03 $06 Intensity mW/(m^2 nm),$f0 $06 Error mW/(m^2 nm),$f1 $00 Status,2
1084.75039119108,0,0,0,1,95A7_2019-06-16_14-30-50_000_038,SAM_8589,SPECTRUM,CALIBRATED,,,2019-06-16 14:30:50,0,0,,,,,SAM Control,SAM_8589,No Mission,1,0,1,,DLAB_2018-04-12_14-51-44_608_165,DLAB_2018-04-13_12-52-31_209_732,32,-1,0,+INF,0,65535,0,-NAN,$01 $01 Wavelength nm,$03 $06 Intensity mW/(m^2 nm),$f0 $06 Error mW/(m^2 nm),$f1 $00 Status,2
1087.94725460592,0,0,0,1,95A7_2019-06-16_14-30-50_000_038,SAM_8589,SPECTRUM,CALIBRATED,,,2019-06-16 14:30:50,0,0,,,,,SAM Control,SAM_8589,No Mission,1,0,1,,DLAB_2018-04-12_14-51-44_608_165,DLAB_2018-04-13_12-52-31_209_732,32,-1,0,+INF,0,65535,0,-NAN,$01 $01 Wavelength nm,$03 $06 Intensity mW/(m^2 nm),$f0 $06 Error mW/(m^2 nm),$f1 $00 Status,2
1091.14228553684,0,0,0,1,95A7_2019-06-16_14-30-50_000_038,SAM_8589,SPECTRUM,CALIBRATED,,,2019-06-16 14:30:50,0,0,,,,,SAM Control,SAM_8589,No Mission,1,0,1,,DLAB_2018-04-12_14-51-44_608_165,DLAB_2018-04-13_12-52-31_209_732,32,-1,0,+INF,0,65535,0,-NAN,$01 $01 Wavelength nm,$03 $06 Intensity mW/(m^2 nm),$f0 $06 Error mW/(m^2 nm),$f1 $00 Status,2
1094.33547264,0,0,0,1,95A7_2019-06-16_14-30-50_000_038,SAM_8589,SPECTRUM,CALIBRATED,,,2019-06-16 14:30:50,0,0,,,,,SAM Control,SAM_8589,No Mission,1,0,1,,DLAB_2018-04-12_14-51-44_608_165,DLAB_2018-04-13_12-52-31_209_732,32,-1,0,+INF,0,65535,0,-NAN,$01 $01 Wavelength nm,$03 $06 Intensity mW/(m^2 nm),$f0 $06 Error mW/(m^2 nm),$f1 $00 Status,2
1097.52680457156,0,0,0,1,95A7_2019-06-16_14-30-50_000_038,SAM_8589,SPECTRUM,CALIBRATED,,,2019-06-16 14:30:50,0,0,,,,,SAM Control,SAM_8589,No Mission,1,0,1,,DLAB_2018-04-12_14-51-44_608_165,DLAB_2018-04-13_12-52-31_209_732,32,-1,0,+INF,0,65535,0,-NAN,$01 $01 Wavelength nm,$03 $06 Intensity mW/(m^2 nm),$f0 $06 Error mW/(m^2 nm),$f1 $00 Status,2
1100.71626998768,0,0,0,1,95A7_2019-06-16_14-30-50_000_038,SAM_8589,SPECTRUM,CALIBRATED,,,2019-06-16 14:30:50,0,0,,,,,SAM Control,SAM_8589,No Mission,1,0,1,,DLAB_2018-04-12_14-51-44_608_165,DLAB_2018-04-13_12-52-31_209_732,32,-1,0,+INF,0,65535,0,-NAN,$01 $01 Wavelength nm,$03 $06 Intensity mW/(m^2 nm),$f0 $06 Error mW/(m^2 nm),$f1 $00 Status,2
1103.90385754452,0,0,0,1,95A7_2019-06-16_14-30-50_000_038,SAM_8589,SPECTRUM,CALIBRATED,,,2019-06-16 14:30:50,0,0,,,,,SAM Control,SAM_8589,No Mission,1,0,1,,DLAB_2018-04-12_14-51-44_608_165,DLAB_2018-04-13_12-52-31_209_732,32,-1,0,+INF,0,65535,0,-NAN,$01 $01 Wavelength nm,$03 $06 Intensity mW/(m^2 nm),$f0 $06 Error mW/(m^2 nm),$f1 $00 Status,2
1107.08955589824,0,0,0,1,95A7_2019-06-16_14-30-50_000_038,SAM_8589,SPECTRUM,CALIBRATED,,,2019-06-16 14:30:50,0,0,,,,,SAM Control,SAM_8589,No Mission,1,0,1,,DLAB_2018-04-12_14-51-44_608_165,DLAB_2018-04-13_12-52-31_209_732,32,-1,0,+INF,0,65535,0,-NAN,$01 $01 Wavelength nm,$03 $06 Intensity mW/(m^2 nm),$f0 $06 Error mW/(m^2 nm),$f1 $00 Status,2
1110.273353705,0,0,0,1,95A7_2019-06-16_14-30-50_000_038,SAM_8589,SPECTRUM,CALIBRATED,,,2019-06-16 14:30:50,0,0,,,,,SAM Control,SAM_8589,No Mission,1,0,1,,DLAB_2018-04-12_14-51-44_608_165,DLAB_2018-04-13_12-52-31_209_732,32,-1,0,+INF,0,65535,0,-NAN,$01 $01 Wavelength nm,$03 $06 Intensity mW/(m^2 nm),$f0 $06 Error mW/(m^2 nm),$f1 $00 Status,2
1113.45523962096,0,0,0,1,95A7_2019-06-16_14-30-50_000_038,SAM_8589,SPECTRUM,CALIBRATED,,,2019-06-16 14:30:50,0,0,,,,,SAM Control,SAM_8589,No Mission,1,0,1,,DLAB_2018-04-12_14-51-44_608_165,DLAB_2018-04-13_12-52-31_209_732,32,-1,0,+INF,0,65535,0,-NAN,$01 $01 Wavelength nm,$03 $06 Intensity mW/(m^2 nm),$f0 $06 Error mW/(m^2 nm),$f1 $00 Status,2
1116.63520230228,0,0,0,1,95A7_2019-06-16_14-30-50_000_038,SAM_8589,SPECTRUM,CALIBRATED,,,2019-06-16 14:30:50,0,0,,,,,SAM Control,SAM_8589,No Mission,1,0,1,,DLAB_2018-04-12_14-51-44_608_165,DLAB_2018-04-13_12-52-31_209_732,32,-1,0,+INF,0,65535,0,-NAN,$01 $01 Wavelength nm,$03 $06 Intensity mW/(m^2 nm),$f0 $06 Error mW/(m^2 nm),$f1 $00 Status,2
1119.81323040512,0,0,0,1,95A7_2019-06-16_14-30-50_000_038,SAM_8589,SPECTRUM,CALIBRATED,,,2019-06-16 14:30:50,0,0,,,,,SAM Control,SAM_8589,No Mission,1,0,1,,DLAB_2018-04-12_14-51-44_608_165,DLAB_2018-04-13_12-52-31_209_732,32,-1,0,+INF,0,65535,0,-NAN,$01 $01 Wavelength nm,$03 $06 Intensity mW/(m^2 nm),$f0 $06 Error mW/(m^2 nm),$f1 $00 Status,2
1122.98931258564,0,0,0,1,95A7_2019-06-16_14-30-50_000_038,SAM_8589,SPECTRUM,CALIBRATED,,,2019-06-16 14:30:50,0,0,,,,,SAM Control,SAM_8589,No Mission,1,0,1,,DLAB_2018-04-12_14-51-44_608_165,DLAB_2018-04-13_12-52-31_209_732,32,-1,0,+INF,0,65535,0,-NAN,$01 $01 Wavelength nm,$03 $06 Intensity mW/(m^2 nm),$f0 $06 Error mW/(m^2 nm),$f1 $00 Status,2
1126.1634375,0,0,0,1,95A7_2019-06-16_14-30-50_000_038,SAM_8589,SPECTRUM,CALIBRATED,,,2019-06-16 14:30:50,0,0,,,,,SAM Control,SAM_8589,No Mission,1,0,1,,DLAB_2018-04-12_14-51-44_608_165,DLAB_2018-04-13_12-52-31_209_732,32,-1,0,+INF,0,65535,0,-NAN,$01 $01 Wavelength nm,$03 $06 Intensity mW/(m^2 nm),$f0 $06 Error mW/(m^2 nm),$f1 $00 Status,2
1129.33559380436,0,0,0,1,95A7_2019-06-16_14-30-50_000_038,SAM_8589,SPECTRUM,CALIBRATED,,,2019-06-16 14:30:50,0,0,,,,,SAM Control,SAM_8589,No Mission,1,0,1,,DLAB_2018-04-12_14-51-44_608_165,DLAB_2018-04-13_12-52-31_209_732,32,-1,0,+INF,0,65535,0,-NAN,$01 $01 Wavelength nm,$03 $06 Intensity mW/(m^2 nm),$f0 $06 Error mW/(m^2 nm),$f1 $00 Status,2
1132.50577015488,0,0,0,1,95A7_2019-06-16_14-30-50_000_038,SAM_8589,SPECTRUM,CALIBRATED,,,2019-06-16 14:30:50,0,0,,,,,SAM Control,SAM_8589,No Mission,1,0,1,,DLAB_2018-04-12_14-51-44_608_165,DLAB_2018-04-13_12-52-31_209_732,32,-1,0,+INF,0,65535,0,-NAN,$01 $01 Wavelength nm,$03 $06 Intensity mW/(m^2 nm),$f0 $06 Error mW/(m^2 nm),$f1 $00 Status,2
1135.67395520772,0,0,0,1,95A7_2019-06-16_14-30-50_000_038,SAM_8589,SPECTRUM,CALIBRATED,,,2019-06-16 14:30:50,0,0,,,,,SAM Control,SAM_8589,No Mission,1,0,1,,DLAB_2018-04-12_14-51-44_608_165,DLAB_2018-04-13_12-52-31_209_732,32,-1,0,+INF,0,65535,0,-NAN,$01 $01 Wavelength nm,$03 $06 Intensity mW/(m^2 nm),$f0 $06 Error mW/(m^2 nm),$f1 $00 Status,2
1138.84013761904,0,0,0,1,95A7_2019-06-16_14-30-50_000_038,SAM_8589,SPECTRUM,CALIBRATED,,,2019-06-16 14:30:50,0,0,,,,,SAM Control,SAM_8589,No Mission,1,0,1,,DLAB_2018-04-12_14-51-44_608_165,DLAB_2018-04-13_12-52-31_209_732,32,-1,0,+INF,0,65535,0,-NAN,$01 $01 Wavelength nm,$03 $06 Intensity mW/(m^2 nm),$f0 $06 Error mW/(m^2 nm),$f1 $00 Status,2
1142.004306045,0,0,0,1,95A7_2019-06-16_14-30-50_000_038,SAM_8589,SPECTRUM,CALIBRATED,,,2019-06-16 14:30:50,0,0,,,,,SAM Control,SAM_8589,No Mission,1,0,1,,DLAB_2018-04-12_14-51-44_608_165,DLAB_2018-04-13_12-52-31_209_732,32,-1,0,+INF,0,65535,0,-NAN,$01 $01 Wavelength nm,$03 $06 Intensity mW/(m^2 nm),$f0 $06 Error mW/(m^2 nm),$f1 $00 Status,2
1145.16644914176,0,0,0,1,95A7_2019-06-16_14-30-50_000_038,SAM_8589,SPECTRUM,CALIBRATED,,,2019-06-16 14:30:50,0,0,,,,,SAM Control,SAM_8589,No Mission,1,0,1,,DLAB_2018-04-12_14-51-44_608_165,DLAB_2018-04-13_12-52-31_209_732,32,-1,0,+INF,0,65535,0,-NAN,$01 $01 Wavelength nm,$03 $06 Intensity mW/(m^2 nm),$f0 $06 Error mW/(m^2 nm),$f1 $00 Status,2
