wavelength,intensity,error,status,Version,IDData,IDDevice,IDDataType,IDDataTypeSub1,IDDataTypeSub2,IDDataTypeSub3,DateTime,PositionLatitude,PositionLongitude,Comment,CommentSub1,CommentSub2,CommentSub3,IDMethodType,MethodName,Mission,MissionSub,RecordType,CalFactor,IDBasisSpec,IDDataBack,IDDataCal,IntegrationTime,P31,P31e,PathLength,PathLengthCustomOn,RAWDynamic,Salinity,Temperature,Unit1,Unit2,Unit3,Unit4,p999
1,1338,0,0,1,95A7_2019-06-17_02-45-29_000_194,SAM_8586,SPECTRUM,RAW,,,2019-06-17 02:45:29,0,0,,,,,SAM Control,SAM_8586,No Mission,1,0,1,,DLAB_2018-04-12_09-33-02_217_812,DLAB_2018-04-12_15-39-16_217_235,4096,-1,0,+INF,0,65535,0,-NAN,$05 $00 Pixel,$03 $05 Intensity counts,$f0 $05 Error counts,$f1 $00 Status,14
2,1334,0,0,1,95A7_2019-06-17_02-45-29_000_194,SAM_8586,SPECTRUM,RAW,,,2019-06-17 02:45:29,0,0,,,,,SAM Control,SAM_8586,No Mission,1,0,1,,DLAB_2018-04-12_09-33-02_217_812,DLAB_2018-04-12_15-39-16_217_235,4096,-1,0,+INF,0,65535,0,-NAN,$05 $00 Pixel,$03 $05 Intensity counts,$f0 $05 Error counts,$f1 $00 Status,14
3,1337,0,0,1,95A7_2019-06-17_02-45-29_000_194,SAM_8586,SPECTRUM,RAW,,,2019-06-17 02:45:29,0,0,,,,,SAM Control,SAM_8586,No Mission,1,0,1,,DLAB_2018-04-12_09-33-02_217_812,DLAB_2018-04-12_15-39-16_217_235,4096,-1,0,+INF,0,65535,0,-NAN,$05 $00 Pixel,$03 $05 Intensity counts,$f0 $05 Error counts,$f1 $00 Status,14
4,1338,0,0,1,95A7_2019-06-17_02-45-29_000_194,SAM_8586,SPECTRUM,RAW,,,2019-06-17 02:45:29,0,0,,,,,SAM Control,SAM_8586,No Mission,1,0,1,,DLAB_2018-04-12_09-33-02_217_812,DLAB_2018-04-12_15-39-16_217_235,4096,-1,0,+INF,0,65535,0,-NAN,$05 $00 Pixel,$03 $05 Intensity counts,$f0 $05 Error counts,$f1 $00 Status,14
5,1330,0,0,1,95A7_2019-06-17_02-45-29_000_194,SAM_8586,SPECTRUM,RAW,,,2019-06-17 02:45:29,0,0,,,,,SAM Control,SAM_8586,No Mission,1,0,1,,DLAB_2018-04-12_09-33-02_217_812,DLAB_2018-04-12_15-39-16_217_235,4096,-1,0,+INF,0,65535,0,-NAN,$05 $00 Pixel,$03 $05 Intensity counts,$f0 $05 Error counts,$f1 $00 Status,14
6,1330,0,0,1,95A7_2019-06-17_02-45-29_000_194,SAM_8586,SPECTRUM,RAW,,,2019-06-17 02:45:29,0,0,,,,,SAM Control,SAM_8586,No Mission,1,0,1,,DLAB_2018-04-12_09-33-02_217_812,DLAB_2018-04-12_15-39-16_217_235,4096,-1,0,+INF,0,65535,0,-NAN,$05 $00 Pixel,$03 $05 Intensity counts,$f0 $05 Error counts,$f1 $00 Status,14
7,1338,0,0,1,95A7_2019-06-17_02-45-29_000_194,SAM_8586,SPECTRUM,RAW,,,2019-06-17 02:45:29,0,0,,,,,SAM Control,SAM_8586,No Mission,1,0,1,,DLAB_2018-04-12_09-33-02_217_812,DLAB_2018-04-12_15-39-16_217_235,4096,-1,0,+INF,0,65535,0,-NAN,$05 $00 Pixel,$03 $05 Intensity counts,$f0 $05 Error counts,$f1 $00 Status,14
8,1342,0,0,1,95A7_2019-06-17_02-45-29_000_194,SAM_8586,SPECTRUM,RAW,,,2019-06-17 02:45:29,0,0,,,,,SAM Control,SAM_8586,No Mission,1,0,1,,DLAB_2018-04-12_09-33-02_217_812,DLAB_2018-04-12_15-39-16_217_235,4096,-1,0,+INF,0,65535,0,-NAN,$05 $00 Pixel,$03 $05 Intensity counts,$f0 $05 Error counts,$f1 $00 Status,14
9,1334,0,0,1,95A7_2019-06-17_02-45-29_000_194,SAM_8586,SPECTRUM,RAW,,,2019-06-17 02:45:29,0,0,,,,,SAM Control,SAM_8586,No Mission,1,0,1,,DLAB_2018-04-12_09-33-02_217_812,DLAB_2018-04-12_15-39-16_217_235,4096,-1,0,+INF,0,65535,0,-NAN,$05 $00 Pixel,$03 $05 Intensity counts,$f0 $05 Error counts,$f1 $00 Status,14
10,1335,0,0,1,95A7_2019-06-17_02-45-29_000_194,SAM_8586,SPECTRUM,RAW,,,2019-06-17 02:45:29,0,0,,,,,SAM Control,SAM_8586,No Mission,1,0,1,,DLAB_2018-04-12_09-33-02_217_812,DLAB_2018-04-12_15-39-16_217_235,4096,-1,0,+INF,0,65535,0,-NAN,$05 $00 Pixel,$03 $05 Intensity counts,$f0 $05 Error counts,$f1 $00 Status,14
11,1336,0,0,1,95A7_2019-06-17_02-45-29_000_194,SAM_8586,SPECTRUM,RAW,,,2019-06-17 02:45:29,0,0,,,,,SAM Control,SAM_8586,No Mission,1,0,1,,DLAB_2018-04-12_09-33-02_217_812,DLAB_2018-04-12_15-39-16_217_235,4096,-1,0,+INF,0,65535,0,-NAN,$05 $00 Pixel,$03 $05 Intensity counts,$f0 $05 Error counts,$f1 $00 Status,14
12,1335,0,0,1,95A7_2019-06-17_02-45-29_000_194,SAM_8586,SPECTRUM,RAW,,,2019-06-17 02:45:29,0,0,,,,,SAM Control,SAM_8586,No Mission,1,0,1,,DLAB_2018-04-12_09-33-02_217_812,DLAB_2018-04-12_15-39-16_217_235,4096,-1,0,+INF,0,65535,0,-NAN,$05 $00 Pixel,$03 $05 Intensity counts,$f0 $05 Error counts,$f1 $00 Status,14
13,1335,0,0,1,95A7_2019-06-17_02-45-29_000_194,SAM_8586,SPECTRUM,RAW,,,2019-06-17 02:45:29,0,0,,,,,SAM Control,SAM_8586,No Mission,1,0,1,,DLAB_2018-04-12_09-33-02_217_812,DLAB_2018-04-12_15-39-16_217_235,4096,-1,0,+INF,0,65535,0,-NAN,$05 $00 Pixel,$03 $05 Intensity counts,$f0 $05 Error counts,$f1 $00 Status,14
14,1341,0,0,1,95A7_2019-06-17_02-45-29_000_194,SAM_8586,SPECTRUM,RAW,,,2019-06-17 02:45:29,0,0,,,,,SAM Control,SAM_8586,No Mission,1,0,1,,DLAB_2018-04-12_09-33-02_217_812,DLAB_2018-04-12_15-39-16_217_235,4096,-1,0,+INF,0,65535,0,-NAN,$05 $00 Pixel,$03 $05 Intensity counts,$f0 $05 Error counts,$f1 $00 Status,14
15,1336,0,0,1,95A7_2019-06-17_02-45-29_000_194,SAM_8586,SPECTRUM,RAW,,,2019-06-17 02:45:29,0,0,,,,,SAM Control,SAM_8586,No Mission,1,0,1,,DLAB_2018-04-12_09-33-02_217_812,DLAB_2018-04-12_15-39-16_217_235,4096,-1,0,+INF,0,65535,0,-NAN,$05 $00 Pixel,$03 $05 Intensity counts,$f0 $05 Error counts,$f1 $00 Status,14
16,1340,0,0,1,95A7_2019-06-17_02-45-29_000_194,SAM_8586,SPECTRUM,RAW,,,2019-06-17 02:45:29,0,0,,,,,SAM Control,SAM_8586,No Mission,1,0,1,,DLAB_2018-04-12_09-33-02_217_812,DLAB_2018-04-12_15-39-16_217_235,4096,-1,0,+INF,0,65535,0,-NAN,$05 $00 Pixel,$03 $05 Intensity counts,$f0 $05 Error counts,$f1 $00 Status,14
17,1334,0,0,1,95A7_2019-06-17_02-45-29_000_194,SAM_8586,SPECTRUM,RAW,,,2019-06-17 02:45:29,0,0,,,,,SAM Control,SAM_8586,No Mission,1,0,1,,DLAB_2018-04-12_09-33-02_217_812,DLAB_2018-04-12_15-39-16_217_235,4096,-1,0,+INF,0,65535,0,-NAN,$05 $00 Pixel,$03 $05 Intensity counts,$f0 $05 Error counts,$f1 $00 Status,14
18,1336,0,0,1,95A7_2019-06-17_02-45-29_000_194,SAM_8586,SPECTRUM,RAW,,,2019-06-17 02:45:29,0,0,,,,,SAM Control,SAM_8586,No Mission,1,0,1,,DLAB_2018-04-12_09-33-02_217_812,DLAB_2018-04-12_15-39-16_217_235,4096,-1,0,+INF,0,65535,0,-NAN,$05 $00 Pixel,$03 $05 Intensity counts,$f0 $05 Error counts,$f1 $00 Status,14
19,1335,0,0,1,95A7_2019-06-17_02-45-29_000_194,SAM_8586,SPECTRUM,RAW,,,2019-06-17 02:45:29,0,0,,,,,SAM Control,SAM_8586,No Mission,1,0,1,,DLAB_2018-04-12_09-33-02_217_812,DLAB_2018-04-12_15-39-16_217_235,4096,-1,0,+INF,0,65535,0,-NAN,$05 $00 Pixel,$03 $05 Intensity counts,$f0 $05 Error counts,$f1 $00 Status,14
20,1338,0,0,1,95A7_2019-06-17_02-45-29_000_194,SAM_8586,SPECTRUM,RAW,,,2019-06-17 02:45:29,0,0,,,,,SAM Control,SAM_8586,No Mission,1,0,1,,DLAB_2018-04-12_09-33-02_217_812,DLAB_2018-04-12_15-39-16_217_235,4096,-1,0,+INF,0,65535,0,-NAN,$05 $00 Pixel,$03 $05 Intensity counts,$f0 $05 Error counts,$f1 $00 Status,14
21,1333,0,0,1,95A7_2019-06-17_02-45-29_000_194,SAM_8586,SPECTRUM,RAW,,,2019-06-17 02:45:29,0,0,,,,,SAM Control,SAM_8586,No Mission,1,0,1,,DLAB_2018-04-12_09-33-02_217_812,DLAB_2018-04-12_15-39-16_217_235,4096,-1,0,+INF,0,65535,0,-NAN,$05 $00 Pixel,$03 $05 Intensity counts,$f0 $05 Error counts,$f1 $00 Status,14
22,1338,0,0,1,95A7_2019-06-17_02-45-29_000_194,SAM_8586,SPECTRUM,RAW,,,2019-06-17 02:45:29,0,0,,,,,SAM Control,SAM_8586,No Mission,1,0,1,,DLAB_2018-04-12_09-33-02_217_812,DLAB_2018-04-12_15-39-16_217_235,4096,-1,0,+INF,0,65535,0,-NAN,$05 $00 Pixel,$03 $05 Intensity counts,$f0 $05 Error counts,$f1 $00 Status,14
23,1336,0,0,1,95A7_2019-06-17_02-45-29_000_194,SAM_8586,SPECTRUM,RAW,,,2019-06-17 02:45:29,0,0,,,,,SAM Control,SAM_8586,No Mission,1,0,1,,DLAB_2018-04-12_09-33-02_217_812,DLAB_2018-04-12_15-39-16_217_235,4096,-1,0,+INF,0,65535,0,-NAN,$05 $00 Pixel,$03 $05 Intensity counts,$f0 $05 Error counts,$f1 $00 Status,14
24,1341,0,0,1,95A7_2019-06-17_02-45-29_000_194,SAM_8586,SPECTRUM,RAW,,,2019-06-17 02:45:29,0,0,,,,,SAM Control,SAM_8586,No Mission,1,0,1,,DLAB_2018-04-12_09-33-02_217_812,DLAB_2018-04-12_15-39-16_217_235,4096,-1,0,+INF,0,65535,0,-NAN,$05 $00 Pixel,$03 $05 Intensity counts,$f0 $05 Error counts,$f1 $00 Status,14
25,1336,0,0,1,95A7_2019-06-17_02-45-29_000_194,SAM_8586,SPECTRUM,RAW,,,2019-06-17 02:45:29,0,0,,,,,SAM Control,SAM_8586,No Mission,1,0,1,,DLAB_2018-04-12_09-33-02_217_812,DLAB_2018-04-12_15-39-16_217_235,4096,-1,0,+INF,0,65535,0,-NAN,$05 $00 Pixel,$03 $05 Intensity counts,$f0 $05 Error counts,$f1 $00 Status,14
26,1338,0,0,1,95A7_2019-06-17_02-45-29_000_194,SAM_8586,SPECTRUM,RAW,,,2019-06-17 02:45:29,0,0,,,,,SAM Control,SAM_8586,No Mission,1,0,1,,DLAB_2018-04-12_09-33-02_217_812,DLAB_2018-04-12_15-39-16_217_235,4096,-1,0,+INF,0,65535,0,-NAN,$05 $00 Pixel,$03 $05 Intensity counts,$f0 $05 Error counts,$f1 $00 Status,14
27,1336,0,0,1,95A7_2019-06-17_02-45-29_000_194,SAM_8586,SPECTRUM,RAW,,,2019-06-17 02:45:29,0,0,,,,,SAM Control,SAM_8586,No Mission,1,0,1,,DLAB_2018-04-12_09-33-02_217_812,DLAB_2018-04-12_15-39-16_217_235,4096,-1,0,+INF,0,65535,0,-NAN,$05 $00 Pixel,$03 $05 Intensity counts,$f0 $05 Error counts,$f1 $00 Status,14
28,1338,0,0,1,95A7_2019-06-17_02-45-29_000_194,SAM_8586,SPECTRUM,RAW,,,2019-06-17 02:45:29,0,0,,,,,SAM Control,SAM_8586,No Mission,1,0,1,,DLAB_2018-04-12_09-33-02_217_812,DLAB_2018-04-12_15-39-16_217_235,4096,-1,0,+INF,0,65535,0,-NAN,$05 $00 Pixel,$03 $05 Intensity counts,$f0 $05 Error counts,$f1 $00 Status,14
29,1340,0,0,1,95A7_2019-06-17_02-45-29_000_194,SAM_8586,SPECTRUM,RAW,,,2019-06-17 02:45:29,0,0,,,,,SAM Control,SAM_8586,No Mission,1,0,1,,DLAB_2018-04-12_09-33-02_217_812,DLAB_2018-04-12_15-39-16_217_235,4096,-1,0,+INF,0,65535,0,-NAN,$05 $00 Pixel,$03 $05 Intensity counts,$f0 $05 Error counts,$f1 $00 Status,14
30,1349,0,0,1,95A7_2019-06-17_02-45-29_000_194,SAM_8586,SPECTRUM,RAW,,,2019-06-17 02:45:29,0,0,,,,,SAM Control,SAM_8586,No Mission,1,0,1,,DLAB_2018-04-12_09-33-02_217_812,DLAB_2018-04-12_15-39-16_217_235,4096,-1,0,+INF,0,65535,0,-NAN,$05 $00 Pixel,$03 $05 Intensity counts,$f0 $05 Error counts,$f1 $00 Status,14
31,1335,0,0,1,95A7_2019-06-17_02-45-29_000_194,SAM_8586,SPECTRUM,RAW,,,2019-06-17 02:45:29,0,0,,,,,SAM Control,SAM_8586,No Mission,1,0,1,,DLAB_2018-04-12_09-33-02_217_812,DLAB_2018-04-12_15-39-16_217_235,4096,-1,0,+INF,0,65535,0,-NAN,$05 $00 Pixel,$03 $05 Intensity counts,$f0 $05 Error counts,$f1 $00 Status,14
32,1337,0,0,1,95A7_2019-06-17_02-45-29_000_194,SAM_8586,SPECTRUM,RAW,,,2019-06-17 02:45:29,0,0,,,,,SAM Control,SAM_8586,No Mission,1,0,1,,DLAB_2018-04-12_09-33-02_217_812,DLAB_2018-04-12_15-39-16_217_235,4096,-1,0,+INF,0,65535,0,-NAN,$05 $00 Pixel,$03 $05 Intensity counts,$f0 $05 Error counts,$f1 $00 Status,14
33,1339,0,0,1,95A7_2019-06-17_02-45-29_000_194,SAM_8586,SPECTRUM,RAW,,,2019-06-17 02:45:29,0,0,,,,,SAM Control,SAM_8586,No Mission,1,0,1,,DLAB_2018-04-12_09-33-02_217_812,DLAB_2018-04-12_15-39-16_217_235,4096,-1,0,+INF,0,65535,0,-NAN,$05 $00 Pixel,$03 $05 Intensity counts,$f0 $05 Error counts,$f1 $00 Status,14
34,1338,0,0,1,95A7_2019-06-17_02-45-29_000_194,SAM_8586,SPECTRUM,RAW,,,2019-06-17 02:45:29,0,0,,,,,SAM Control,SAM_8586,No Mission,1,0,1,,DLAB_2018-04-12_09-33-02_217_812,DLAB_2018-04-12_15-39-16_217_235,4096,-1,0,+INF,0,65535,0,-NAN,$05 $00 Pixel,$03 $05 Intensity counts,$f0 $05 Error counts,$f1 $00 Status,14
35,1342,0,0,1,95A7_2019-06-17_02-45-29_000_194,SAM_8586,SPECTRUM,RAW,,,2019-06-17 02:45:29,0,0,,,,,SAM Control,SAM_8586,No Mission,1,0,1,,DLAB_2018-04-12_09-33-02_217_812,DLAB_2018-04-12_15-39-16_217_235,4096,-1,0,+INF,0,65535,0,-NAN,$05 $00 Pixel,$03 $05 Intensity counts,$f0 $05 Error counts,$f1 $00 Status,14
36,1342,0,0,1,95A7_2019-06-17_02-45-29_000_194,SAM_8586,SPECTRUM,RAW,,,2019-06-17 02:45:29,0,0,,,,,SAM Control,SAM_8586,No Mission,1,0,1,,DLAB_2018-04-12_09-33-02_217_812,DLAB_2018-04-12_15-39-16_217_235,4096,-1,0,+INF,0,65535,0,-NAN,$05 $00 Pixel,$03 $05 Intensity counts,$f0 $05 Error counts,$f1 $00 Status,14
37,1339,0,0,1,95A7_2019-06-17_02-45-29_000_194,SAM_8586,SPECTRUM,RAW,,,2019-06-17 02:45:29,0,0,,,,,SAM Control,SAM_8586,No Mission,1,0,1,,DLAB_2018-04-12_09-33-02_217_812,DLAB_2018-04-12_15-39-16_217_235,4096,-1,0,+INF,0,65535,0,-NAN,$05 $00 Pixel,$03 $05 Intensity counts,$f0 $05 Error counts,$f1 $00 Status,14
38,1346,0,0,1,95A7_2019-06-17_02-45-29_000_194,SAM_8586,SPECTRUM,RAW,,,2019-06-17 02:45:29,0,0,,,,,SAM Control,SAM_8586,No Mission,1,0,1,,DLAB_2018-04-12_09-33-02_217_812,DLAB_2018-04-12_15-39-16_217_235,4096,-1,0,+INF,0,65535,0,-NAN,$05 $00 Pixel,$03 $05 Intensity counts,$f0 $05 Error counts,$f1 $00 Status,14
39,1336,0,0,1,95A7_2019-06-17_02-45-29_000_194,SAM_8586,SPECTRUM,RAW,,,2019-06-17 02:45:29,0,0,,,,,SAM Control,SAM_8586,No Mission,1,0,1,,DLAB_2018-04-12_09-33-02_217_812,DLAB_2018-04-12_15-39-16_217_235,4096,-1,0,+INF,0,65535,0,-NAN,$05 $00 Pixel,$03 $05 Intensity counts,$f0 $05 Error counts,$f1 $00 Status,14
40,1341,0,0,1,95A7_2019-06-17_02-45-29_000_194,SAM_8586,SPECTRUM,RAW,,,2019-06-17 02:45:29,0,0,,,,,SAM Control,SAM_8586,No Mission,1,0,1,,DLAB_2018-04-12_09-33-02_217_812,DLAB_2018-04-12_15-39-16_217_235,4096,-1,0,+INF,0,65535,0,-NAN,$05 $00 Pixel,$03 $05 Intensity counts,$f0 $05 Error counts,$f1 $00 Status,14
41,1343,0,0,1,95A7_2019-06-17_02-45-29_000_194,SAM_8586,SPECTRUM,RAW,,,2019-06-17 02:45:29,0,0,,,,,SAM Control,SAM_8586,No Mission,1,0,1,,DLAB_2018-04-12_09-33-02_217_812,DLAB_2018-04-12_15-39-16_217_235,4096,-1,0,+INF,0,65535,0,-NAN,$05 $00 Pixel,$03 $05 Intensity counts,$f0 $05 Error counts,$f1 $00 Status,14
42,1344,0,0,1,95A7_2019-06-17_02-45-29_000_194,SAM_8586,SPECTRUM,RAW,,,2019-06-17 02:45:29,0,0,,,,,SAM Control,SAM_8586,No Mission,1,0,1,,DLAB_2018-04-12_09-33-02_217_812,DLAB_2018-04-12_15-39-16_217_235,4096,-1,0,+INF,0,65535,0,-NAN,$05 $00 Pixel,$03 $05 Intensity counts,$f0 $05 Error counts,$f1 $00 Status,14
43,1332,0,0,1,95A7_2019-06-17_02-45-29_000_194,SAM_8586,SPECTRUM,RAW,,,2019-06-17 02:45:29,0,0,,,,,SAM Control,SAM_8586,No Mission,1,0,1,,DLAB_2018-04-12_09-33-02_217_812,DLAB_2018-04-12_15-39-16_217_235,4096,-1,0,+INF,0,65535,0,-NAN,$05 $00 Pixel,$03 $05 Intensity counts,$f0 $05 Error counts,$f1 $00 Status,14
44,1344,0,0,1,95A7_2019-06-17_02-45-29_000_194,SAM_8586,SPECTRUM,RAW,,,2019-06-17 02:45:29,0,0,,,,,SAM Control,SAM_8586,No Mission,1,0,1,,DLAB_2018-04-12_09-33-02_217_812,DLAB_2018-04-12_15-39-16_217_235,4096,-1,0,+INF,0,65535,0,-NAN,$05 $00 Pixel,$03 $05 Intensity counts,$f0 $05 Error counts,$f1 $00 Status,14
45,1340,0,0,1,95A7_2019-06-17_02-45-29_000_194,SAM_8586,SPECTRUM,RAW,,,2019-06-17 02:45:29,0,0,,,,,SAM Control,SAM_8586,No Mission,1,0,1,,DLAB_2018-04-12_09-33-02_217_812,DLAB_2018-04-12_15-39-16_217_235,4096,-1,0,+INF,0,65535,0,-NAN,$05 $00 Pixel,$03 $05 Intensity counts,$f0 $05 Error counts,$f1 $00 Status,14
46,1346,0,0,1,95A7_2019-06-17_02-45-29_000_194,SAM_8586,SPECTRUM,RAW,,,2019-06-17 02:45:29,0,0,,,,,SAM Control,SAM_8586,No Mission,1,0,1,,DLAB_2018-04-12_09-33-02_217_812,DLAB_2018-04-12_15-39-16_217_235,4096,-1,0,+INF,0,65535,0,-NAN,$05 $00 Pixel,$03 $05 Intensity counts,$f0 $05 Error counts,$f1 $00 Status,14
47,1335,0,0,1,95A7_2019-06-17_02-45-29_000_194,SAM_8586,SPECTRUM,RAW,,,2019-06-17 02:45:29,0,0,,,,,SAM Control,SAM_8586,No Mission,1,0,1,,DLAB_2018-04-12_09-33-02_217_812,DLAB_2018-04-12_15-39-16_217_235,4096,-1,0,+INF,0,65535,0,-NAN,$05 $00 Pixel,$03 $05 Intensity counts,$f0 $05 Error counts,$f1 $00 Status,14
48,1338,0,0,1,95A7_2019-06-17_02-45-29_000_194,SAM_8586,SPECTRUM,RAW,,,2019-06-17 02:45:29,0,0,,,,,SAM Control,SAM_8586,No Mission,1,0,1,,DLAB_2018-04-12_09-33-02_217_812,DLAB_2018-04-12_15-39-16_217_235,4096,-1,0,+INF,0,65535,0,-NAN,$05 $00 Pixel,$03 $05 Intensity counts,$f0 $05 Error counts,$f1 $00 Status,14
49,1341,0,0,1,95A7_2019-06-17_02-45-29_000_194,SAM_8586,SPECTRUM,RAW,,,2019-06-17 02:45:29,0,0,,,,,SAM Control,SAM_8586,No Mission,1,0,1,,DLAB_2018-04-12_09-33-02_217_812,DLAB_2018-04-12_15-39-16_217_235,4096,-1,0,+INF,0,65535,0,-NAN,$05 $00 Pixel,$03 $05 Intensity counts,$f0 $05 Error counts,$f1 $00 Status,14
50,1347,0,0,1,95A7_2019-06-17_02-45-29_000_194,SAM_8586,SPECTRUM,RAW,,,2019-06-17 02:45:29,0,0,,,,,SAM Control,SAM_8586,No Mission,1,0,1,,DLAB_2018-04-12_09-33-02_217_812,DLAB_2018-04-12_15-39-16_217_235,4096,-1,0,+INF,0,65535,0,-NAN,$05 $00 Pixel,$03 $05 Intensity counts,$f0 $05 Error counts,$f1 $00 Status,14
51,1340,0,0,1,95A7_2019-06-17_02-45-29_000_194,SAM_8586,SPECTRUM,RAW,,,2019-06-17 02:45:29,0,0,,,,,SAM Control,SAM_8586,No Mission,1,0,1,,DLAB_2018-04-12_09-33-02_217_812,DLAB_2018-04-12_15-39-16_217_235,4096,-1,0,+INF,0,65535,0,-NAN,$05 $00 Pixel,$03 $05 Intensity counts,$f0 $05 Error counts,$f1 $00 Status,14
52,1342,0,0,1,95A7_2019-06-17_02-45-29_000_194,SAM_8586,SPECTRUM,RAW,,,2019-06-17 02:45:29,0,0,,,,,SAM Control,SAM_8586,No Mission,1,0,1,,DLAB_2018-04-12_09-33-02_217_812,DLAB_2018-04-12_15-39-16_217_235,4096,-1,0,+INF,0,65535,0,-NAN,$05 $00 Pixel,$03 $05 Intensity counts,$f0 $05 Error counts,$f1 $00 Status,14
53,1341,0,0,1,95A7_2019-06-17_02-45-29_000_194,SAM_8586,SPECTRUM,RAW,,,2019-06-17 02:45:29,0,0,,,,,SAM Control,SAM_8586,No Mission,1,0,1,,DLAB_2018-04-12_09-33-02_217_812,DLAB_2018-04-12_15-39-16_217_235,4096,-1,0,+INF,0,65535,0,-NAN,$05 $00 Pixel,$03 $05 Intensity counts,$f0 $05 Error counts,$f1 $00 Status,14
54,1341,0,0,1,95A7_2019-06-17_02-45-29_000_194,SAM_8586,SPECTRUM,RAW,,,2019-06-17 02:45:29,0,0,,,,,SAM Control,SAM_8586,No Mission,1,0,1,,DLAB_2018-04-12_09-33-02_217_812,DLAB_2018-04-12_15-39-16_217_235,4096,-1,0,+INF,0,65535,0,-NAN,$05 $00 Pixel,$03 $05 Intensity counts,$f0 $05 Error counts,$f1 $00 Status,14
55,1338,0,0,1,95A7_2019-06-17_02-45-29_000_194,SAM_8586,SPECTRUM,RAW,,,2019-06-17 02:45:29,0,0,,,,,SAM Control,SAM_8586,No Mission,1,0,1,,DLAB_2018-04-12_09-33-02_217_812,DLAB_2018-04-12_15-39-16_217_235,4096,-1,0,+INF,0,65535,0,-NAN,$05 $00 Pixel,$03 $05 Intensity counts,$f0 $05 Error counts,$f1 $00 Status,14
56,1344,0,0,1,95A7_2019-06-17_02-45-29_000_194,SAM_8586,SPECTRUM,RAW,,,2019-06-17 02:45:29,0,0,,,,,SAM Control,SAM_8586,No Mission,1,0,1,,DLAB_2018-04-12_09-33-02_217_812,DLAB_2018-04-12_15-39-16_217_235,4096,-1,0,+INF,0,65535,0,-NAN,$05 $00 Pixel,$03 $05 Intensity counts,$f0 $05 Error counts,$f1 $00 Status,14
57,1338,0,0,1,95A7_2019-06-17_02-45-29_000_194,SAM_8586,SPECTRUM,RAW,,,2019-06-17 02:45:29,0,0,,,,,SAM Control,SAM_8586,No Mission,1,0,1,,DLAB_2018-04-12_09-33-02_217_812,DLAB_2018-04-12_15-39-16_217_235,4096,-1,0,+INF,0,65535,0,-NAN,$05 $00 Pixel,$03 $05 Intensity counts,$f0 $05 Error counts,$f1 $00 Status,14
58,1346,0,0,1,95A7_2019-06-17_02-45-29_000_194,SAM_8586,SPECTRUM,RAW,,,2019-06-17 02:45:29,0,0,,,,,SAM Control,SAM_8586,No Mission,1,0,1,,DLAB_2018-04-12_09-33-02_217_812,DLAB_2018-04-12_15-39-16_217_235,4096,-1,0,+INF,0,65535,0,-NAN,$05 $00 Pixel,$03 $05 Intensity counts,$f0 $05 Error counts,$f1 $00 Status,14
59,1339,0,0,1,95A7_2019-06-17_02-45-29_000_194,SAM_8586,SPECTRUM,RAW,,,2019-06-17 02:45:29,0,0,,,,,SAM Control,SAM_8586,No Mission,1,0,1,,DLAB_2018-04-12_09-33-02_217_812,DLAB_2018-04-12_15-39-16_217_235,4096,-1,0,+INF,0,65535,0,-NAN,$05 $00 Pixel,$03 $05 Intensity counts,$f0 $05 Error counts,$f1 $00 Status,14
60,1342,0,0,1,95A7_2019-06-17_02-45-29_000_194,SAM_8586,SPECTRUM,RAW,,,2019-06-17 02:45:29,0,0,,,,,SAM Control,SAM_8586,No Mission,1,0,1,,DLAB_2018-04-12_09-33-02_217_812,DLAB_2018-04-12_15-39-16_217_235,4096,-1,0,+INF,0,65535,0,-NAN,$05 $00 Pixel,$03 $05 Intensity counts,$f0 $05 Error counts,$f1 $00 Status,14
61,1343,0,0,1,95A7_2019-06-17_02-45-29_000_194,SAM_8586,SPECTRUM,RAW,,,2019-06-17 02:45:29,0,0,,,,,SAM Control,SAM_8586,No Mission,1,0,1,,DLAB_2018-04-12_09-33-02_217_812,DLAB_2018-04-12_15-39-16_217_235,4096,-1,0,+INF,0,65535,0,-NAN,$05 $00 Pixel,$03 $05 Intensity counts,$f0 $05 Error counts,$f1 $00 Status,14
62,1344,0,0,1,95A7_2019-06-17_02-45-29_000_194,SAM_8586,SPECTRUM,RAW,,,2019-06-17 02:45:29,0,0,,,,,SAM Control,SAM_8586,No Mission,1,0,1,,DLAB_2018-04-12_09-33-02_217_812,DLAB_2018-04-12_15-39-16_217_235,4096,-1,0,+INF,0,65535,0,-NAN,$05 $00 Pixel,$03 $05 Intensity counts,$f0 $05 Error counts,$f1 $00 Status,14
63,1342,0,0,1,95A7_2019-06-17_02-45-29_000_194,SAM_8586,SPECTRUM,RAW,,,2019-06-17 02:45:29,0,0,,,,,SAM Control,SAM_8586,No Mission,1,0,1,,DLAB_2018-04-12_09-33-02_217_812,DLAB_2018-04-12_15-39-16_217_235,4096,-1,0,+INF,0,65535,0,-NAN,$05 $00 Pixel,$03 $05 Intensity counts,$f0 $05 Error counts,$f1 $00 Status,14
64,1341,0,0,1,95A7_2019-06-17_02-45-29_000_194,SAM_8586,SPECTRUM,RAW,,,2019-06-17 02:45:29,0,0,,,,,SAM Control,SAM_8586,No Mission,1,0,1,,DLAB_2018-04-12_09-33-02_217_812,DLAB_2018-04-12_15-39-16_217_235,4096,-1,0,+INF,0,65535,0,-NAN,$05 $00 Pixel,$03 $05 Intensity counts,$f0 $05 Error counts,$f1 $00 Status,14
65,1344,0,0,1,95A7_2019-06-17_02-45-29_000_194,SAM_8586,SPECTRUM,RAW,,,2019-06-17 02:45:29,0,0,,,,,SAM Control,SAM_8586,No Mission,1,0,1,,DLAB_2018-04-12_09-33-02_217_812,DLAB_2018-04-12_15-39-16_217_235,4096,-1,0,+INF,0,65535,0,-NAN,$05 $00 Pixel,$03 $05 Intensity counts,$f0 $05 Error counts,$f1 $00 Status,14
66,1339,0,0,1,95A7_2019-06-17_02-45-29_000_194,SAM_8586,SPECTRUM,RAW,,,2019-06-17 02:45:29,0,0,,,,,SAM Control,SAM_8586,No Mission,1,0,1,,DLAB_2018-04-12_09-33-02_217_812,DLAB_2018-04-12_15-39-16_217_235,4096,-1,0,+INF,0,65535,0,-NAN,$05 $00 Pixel,$03 $05 Intensity counts,$f0 $05 Error counts,$f1 $00 Status,14
67,1334,0,0,1,95A7_2019-06-17_02-45-29_000_194,SAM_8586,SPECTRUM,RAW,,,2019-06-17 02:45:29,0,0,,,,,SAM Control,SAM_8586,No Mission,1,0,1,,DLAB_2018-04-12_09-33-02_217_812,DLAB_2018-04-12_15-39-16_217_235,4096,-1,0,+INF,0,65535,0,-NAN,$05 $00 Pixel,$03 $05 Intensity counts,$f0 $05 Error counts,$f1 $00 Status,14
68,1339,0,0,1,95A7_2019-06-17_02-45-29_000_194,SAM_8586,SPECTRUM,RAW,,,2019-06-17 02:45:29,0,0,,,,,SAM Control,SAM_8586,No Mission,1,0,1,,DLAB_2018-04-12_09-33-02_217_812,DLAB_2018-04-12_15-39-16_217_235,4096,-1,0,+INF,0,65535,0,-NAN,$05 $00 Pixel,$03 $05 Intensity counts,$f0 $05 Error counts,$f1 $00 Status,14
69,1341,0,0,1,95A7_2019-06-17_02-45-29_000_194,SAM_8586,SPECTRUM,RAW,,,2019-06-17 02:45:29,0,0,,,,,SAM Control,SAM_8586,No Mission,1,0,1,,DLAB_2018-04-12_09-33-02_217_812,DLAB_2018-04-12_15-39-16_217_235,4096,-1,0,+INF,0,65535,0,-NAN,$05 $00 Pixel,$03 $05 Intensity counts,$f0 $05 Error counts,$f1 $00 Status,14
70,1339,0,0,1,95A7_2019-06-17_02-45-29_000_194,SAM_8586,SPECTRUM,RAW,,,2019-06-17 02:45:29,0,0,,,,,SAM Control,SAM_8586,No Mission,1,0,1,,DLAB_2018-04-12_09-33-02_217_812,DLAB_2018-04-12_15-39-16_217_235,4096,-1,0,+INF,0,65535,0,-NAN,$05 $00 Pixel,$03 $05 Intensity counts,$f0 $05 Error counts,$f1 $00 Status,14
71,1342,0,0,1,95A7_2019-06-17_02-45-29_000_194,SAM_8586,SPECTRUM,RAW,,,2019-06-17 02:45:29,0,0,,,,,SAM Control,SAM_8586,No Mission,1,0,1,,DLAB_2018-04-12_09-33-02_217_812,DLAB_2018-04-12_15-39-16_217_235,4096,-1,0,+INF,0,65535,0,-NAN,$05 $00 Pixel,$03 $05 Intensity counts,$f0 $05 Error counts,$f1 $00 Status,14
72,1344,0,0,1,95A7_2019-06-17_02-45-29_000_194,SAM_8586,SPECTRUM,RAW,,,2019-06-17 02:45:29,0,0,,,,,SAM Control,SAM_8586,No Mission,1,0,1,,DLAB_2018-04-12_09-33-02_217_812,DLAB_2018-04-12_15-39-16_217_235,4096,-1,0,+INF,0,65535,0,-NAN,$05 $00 Pixel,$03 $05 Intensity counts,$f0 $05 Error counts,$f1 $00 Status,14
73,1337,0,0,1,95A7_2019-06-17_02-45-29_000_194,SAM_8586,SPECTRUM,RAW,,,2019-06-17 02:45:29,0,0,,,,,SAM Control,SAM_8586,No Mission,1,0,1,,DLAB_2018-04-12_09-33-02_217_812,DLAB_2018-04-12_15-39-16_217_235,4096,-1,0,+INF,0,65535,0,-NAN,$05 $00 Pixel,$03 $05 Intensity counts,$f0 $05 Error counts,$f1 $00 Status,14
74,1339,0,0,1,95A7_2019-06-17_02-45-29_000_194,SAM_8586,SPECTRUM,RAW,,,2019-06-17 02:45:29,0,0,,,,,SAM Control,SAM_8586,No Mission,1,0,1,,DLAB_2018-04-12_09-33-02_217_812,DLAB_2018-04-12_15-39-16_217_235,4096,-1,0,+INF,0,65535,0,-NAN,$05 $00 Pixel,$03 $05 Intensity counts,$f0 $05 Error counts,$f1 $00 Status,14
75,1338,0,0,1,95A7_2019-06-17_02-45-29_000_194,SAM_8586,SPECTRUM,RAW,,,2019-06-17 02:45:29,0,0,,,,,SAM Control,SAM_8586,No Mission,1,0,1,,DLAB_2018-04-12_09-33-02_217_812,DLAB_2018-04-12_15-39-16_217_235,4096,-1,0,+INF,0,65535,0,-NAN,$05 $00 Pixel,$03 $05 Intensity counts,$f0 $05 Error counts,$f1 $00 Status,14
76,1347,0,0,1,95A7_2019-06-17_02-45-29_000_194,SAM_8586,SPECTRUM,RAW,,,2019-06-17 02:45:29,0,0,,,,,SAM Control,SAM_8586,No Mission,1,0,1,,DLAB_2018-04-12_09-33-02_217_812,DLAB_2018-04-12_15-39-16_217_235,4096,-1,0,+INF,0,65535,0,-NAN,$05 $00 Pixel,$03 $05 Intensity counts,$f0 $05 Error counts,$f1 $00 Status,14
77,1339,0,0,1,95A7_2019-06-17_02-45-29_000_194,SAM_8586,SPECTRUM,RAW,,,2019-06-17 02:45:29,0,0,,,,,SAM Control,SAM_8586,No Mission,1,0,1,,DLAB_2018-04-12_09-33-02_217_812,DLAB_2018-04-12_15-39-16_217_235,4096,-1,0,+INF,0,65535,0,-NAN,$05 $00 Pixel,$03 $05 Intensity counts,$f0 $05 Error counts,$f1 $00 Status,14
78,1339,0,0,1,95A7_2019-06-17_02-45-29_000_194,SAM_8586,SPECTRUM,RAW,,,2019-06-17 02:45:29,0,0,,,,,SAM Control,SAM_8586,No Mission,1,0,1,,DLAB_2018-04-12_09-33-02_217_812,DLAB_2018-04-12_15-39-16_217_235,4096,-1,0,+INF,0,65535,0,-NAN,$05 $00 Pixel,$03 $05 Intensity counts,$f0 $05 Error counts,$f1 $00 Status,14
79,1341,0,0,1,95A7_2019-06-17_02-45-29_000_194,SAM_8586,SPECTRUM,RAW,,,2019-06-17 02:45:29,0,0,,,,,SAM Control,SAM_8586,No Mission,1,0,1,,DLAB_2018-04-12_09-33-02_217_812,DLAB_2018-04-12_15-39-16_217_235,4096,-1,0,+INF,0,65535,0,-NAN,$05 $00 Pixel,$03 $05 Intensity counts,$f0 $05 Error counts,$f1 $00 Status,14
80,1345,0,0,1,95A7_2019-06-17_02-45-29_000_194,SAM_8586,SPECTRUM,RAW,,,2019-06-17 02:45:29,0,0,,,,,SAM Control,SAM_8586,No Mission,1,0,1,,DLAB_2018-04-12_09-33-02_217_812,DLAB_2018-04-12_15-39-16_217_235,4096,-1,0,+INF,0,65535,0,-NAN,$05 $00 Pixel,$03 $05 Intensity counts,$f0 $05 Error counts,$f1 $00 Status,14
81,1342,0,0,1,95A7_2019-06-17_02-45-29_000_194,SAM_8586,SPECTRUM,RAW,,,2019-06-17 02:45:29,0,0,,,,,SAM Control,SAM_8586,No Mission,1,0,1,,DLAB_2018-04-12_09-33-02_217_812,DLAB_2018-04-12_15-39-16_217_235,4096,-1,0,+INF,0,65535,0,-NAN,$05 $00 Pixel,$03 $05 Intensity counts,$f0 $05 Error counts,$f1 $00 Status,14
82,1342,0,0,1,95A7_2019-06-17_02-45-29_000_194,SAM_8586,SPECTRUM,RAW,,,2019-06-17 02:45:29,0,0,,,,,SAM Control,SAM_8586,No Mission,1,0,1,,DLAB_2018-04-12_09-33-02_217_812,DLAB_2018-04-12_15-39-16_217_235,4096,-1,0,+INF,0,65535,0,-NAN,$05 $00 Pixel,$03 $05 Intensity counts,$f0 $05 Error counts,$f1 $00 Status,14
83,1342,0,0,1,95A7_2019-06-17_02-45-29_000_194,SAM_8586,SPECTRUM,RAW,,,2019-06-17 02:45:29,0,0,,,,,SAM Control,SAM_8586,No Mission,1,0,1,,DLAB_2018-04-12_09-33-02_217_812,DLAB_2018-04-12_15-39-16_217_235,4096,-1,0,+INF,0,65535,0,-NAN,$05 $00 Pixel,$03 $05 Intensity counts,$f0 $05 Error counts,$f1 $00 Status,14
84,1347,0,0,1,95A7_2019-06-17_02-45-29_000_194,SAM_8586,SPECTRUM,RAW,,,2019-06-17 02:45:29,0,0,,,,,SAM Control,SAM_8586,No Mission,1,0,1,,DLAB_2018-04-12_09-33-02_217_812,DLAB_2018-04-12_15-39-16_217_235,4096,-1,0,+INF,0,65535,0,-NAN,$05 $00 Pixel,$03 $05 Intensity counts,$f0 $05 Error counts,$f1 $00 Status,14
85,1340,0,0,1,95A7_2019-06-17_02-45-29_000_194,SAM_8586,SPECTRUM,RAW,,,2019-06-17 02:45:29,0,0,,,,,SAM Control,SAM_8586,No Mission,1,0,1,,DLAB_2018-04-12_09-33-02_217_812,DLAB_2018-04-12_15-39-16_217_235,4096,-1,0,+INF,0,65535,0,-NAN,$05 $00 Pixel,$03 $05 Intensity counts,$f0 $05 Error counts,$f1 $00 Status,14
86,1342,0,0,1,95A7_2019-06-17_02-45-29_000_194,SAM_8586,SPECTRUM,RAW,,,2019-06-17 02:45:29,0,0,,,,,SAM Control,SAM_8586,No Mission,1,0,1,,DLAB_2018-04-12_09-33-02_217_812,DLAB_2018-04-12_15-39-16_217_235,4096,-1,0,+INF,0,65535,0,-NAN,$05 $00 Pixel,$03 $05 Intensity counts,$f0 $05 Error counts,$f1 $00 Status,14
87,1337,0,0,1,95A7_2019-06-17_02-45-29_000_194,SAM_8586,SPECTRUM,RAW,,,2019-06-17 02:45:29,0,0,,,,,SAM Control,SAM_8586,No Mission,1,0,1,,DLAB_2018-04-12_09-33-02_217_812,DLAB_2018-04-12_15-39-16_217_235,4096,-1,0,+INF,0,65535,0,-NAN,$05 $00 Pixel,$03 $05 Intensity counts,$f0 $05 Error counts,$f1 $00 Status,14
88,1345,0,0,1,95A7_2019-06-17_02-45-29_000_194,SAM_8586,SPECTRUM,RAW,,,2019-06-17 02:45:29,0,0,,,,,SAM Control,SAM_8586,No Mission,1,0,1,,DLAB_2018-04-12_09-33-02_217_812,DLAB_2018-04-12_15-39-16_217_235,4096,-1,0,+INF,0,65535,0,-NAN,$05 $00 Pixel,$03 $05 Intensity counts,$f0 $05 Error counts,$f1 $00 Status,14
89,1344,0,0,1,95A7_2019-06-17_02-45-29_000_194,SAM_8586,SPECTRUM,RAW,,,2019-06-17 02:45:29,0,0,,,,,SAM Control,SAM_8586,No Mission,1,0,1,,DLAB_2018-04-12_09-33-02_217_812,DLAB_2018-04-12_15-39-16_217_235,4096,-1,0,+INF,0,65535,0,-NAN,$05 $00 Pixel,$03 $05 Intensity counts,$f0 $05 Error counts,$f1 $00 Status,14
90,1344,0,0,1,95A7_2019-06-17_02-45-29_000_194,SAM_8586,SPECTRUM,RAW,,,2019-06-17 02:45:29,0,0,,,,,SAM Control,SAM_8586,No Mission,1,0,1,,DLAB_2018-04-12_09-33-02_217_812,DLAB_2018-04-12_15-39-16_217_235,4096,-1,0,+INF,0,65535,0,-NAN,$05 $00 Pixel,$03 $05 Intensity counts,$f0 $05 Error counts,$f1 $00 Status,14
91,1341,0,0,1,95A7_2019-06-17_02-45-29_000_194,SAM_8586,SPECTRUM,RAW,,,2019-06-17 02:45:29,0,0,,,,,SAM Control,SAM_8586,No Mission,1,0,1,,DLAB_2018-04-12_09-33-02_217_812,DLAB_2018-04-12_15-39-16_217_235,4096,-1,0,+INF,0,65535,0,-NAN,$05 $00 Pixel,$03 $05 Intensity counts,$f0 $05 Error counts,$f1 $00 Status,14
92,1341,0,0,1,95A7_2019-06-17_02-45-29_000_194,SAM_8586,SPECTRUM,RAW,,,2019-06-17 02:45:29,0,0,,,,,SAM Control,SAM_8586,No Mission,1,0,1,,DLAB_2018-04-12_09-33-02_217_812,DLAB_2018-04-12_15-39-16_217_235,4096,-1,0,+INF,0,65535,0,-NAN,$05 $00 Pixel,$03 $05 Intensity counts,$f0 $05 Error counts,$f1 $00 Status,14
93,1336,0,0,1,95A7_2019-06-17_02-45-29_000_194,SAM_8586,SPECTRUM,RAW,,,2019-06-17 02:45:29,0,0,,,,,SAM Control,SAM_8586,No Mission,1,0,1,,DLAB_2018-04-12_09-33-02_217_812,DLAB_2018-04-12_15-39-16_217_235,4096,-1,0,+INF,0,65535,0,-NAN,$05 $00 Pixel,$03 $05 Intensity counts,$f0 $05 Error counts,$f1 $00 Status,14
94,1348,0,0,1,95A7_2019-06-17_02-45-29_000_194,SAM_8586,SPECTRUM,RAW,,,2019-06-17 02:45:29,0,0,,,,,SAM Control,SAM_8586,No Mission,1,0,1,,DLAB_2018-04-12_09-33-02_217_812,DLAB_2018-04-12_15-39-16_217_235,4096,-1,0,+INF,0,65535,0,-NAN,$05 $00 Pixel,$03 $05 Intensity counts,$f0 $05 Error counts,$f1 $00 Status,14
95,1339,0,0,1,95A7_2019-06-17_02-45-29_000_194,SAM_8586,SPECTRUM,RAW,,,2019-06-17 02:45:29,0,0,,,,,SAM Control,SAM_8586,No Mission,1,0,1,,DLAB_2018-04-12_09-33-02_217_812,DLAB_2018-04-12_15-39-16_217_235,4096,-1,0,+INF,0,65535,0,-NAN,$05 $00 Pixel,$03 $05 Intensity counts,$f0 $05 Error counts,$f1 $00 Status,14
96,1344,0,0,1,95A7_2019-06-17_02-45-29_000_194,SAM_8586,SPECTRUM,RAW,,,2019-06-17 02:45:29,0,0,,,,,SAM Control,SAM_8586,No Mission,1,0,1,,DLAB_2018-04-12_09-33-02_217_812,DLAB_2018-04-12_15-39-16_217_235,4096,-1,0,+INF,0,65535,0,-NAN,$05 $00 Pixel,$03 $05 Intensity counts,$f0 $05 Error counts,$f1 $00 Status,14
97,1338,0,0,1,95A7_2019-06-17_02-45-29_000_194,SAM_8586,SPECTRUM,RAW,,,2019-06-17 02:45:29,0,0,,,,,SAM Control,SAM_8586,No Mission,1,0,1,,DLAB_2018-04-12_09-33-02_217_812,DLAB_2018-04-12_15-39-16_217_235,4096,-1,0,+INF,0,65535,0,-NAN,$05 $00 Pixel,$03 $05 Intensity counts,$f0 $05 Error counts,$f1 $00 Status,14
98,1343,0,0,1,95A7_2019-06-17_02-45-29_000_194,SAM_8586,SPECTRUM,RAW,,,2019-06-17 02:45:29,0,0,,,,,SAM Control,SAM_8586,No Mission,1,0,1,,DLAB_2018-04-12_09-33-02_217_812,DLAB_2018-04-12_15-39-16_217_235,4096,-1,0,+INF,0,65535,0,-NAN,$05 $00 Pixel,$03 $05 Intensity counts,$f0 $05 Error counts,$f1 $00 Status,14
99,1341,0,0,1,95A7_2019-06-17_02-45-29_000_194,SAM_8586,SPECTRUM,RAW,,,2019-06-17 02:45:29,0,0,,,,,SAM Control,SAM_8586,No Mission,1,0,1,,DLAB_2018-04-12_09-33-02_217_812,DLAB_2018-04-12_15-39-16_217_235,4096,-1,0,+INF,0,65535,0,-NAN,$05 $00 Pixel,$03 $05 Intensity counts,$f0 $05 Error counts,$f1 $00 Status,14
100,1342,0,0,1,95A7_2019-06-17_02-45-29_000_194,SAM_8586,SPECTRUM,RAW,,,2019-06-17 02:45:29,0,0,,,,,SAM Control,SAM_8586,No Mission,1,0,1,,DLAB_2018-04-12_09-33-02_217_812,DLAB_2018-04-12_15-39-16_217_235,4096,-1,0,+INF,0,65535,0,-NAN,$05 $00 Pixel,$03 $05 Intensity counts,$f0 $05 Error counts,$f1 $00 Status,14
101,1346,0,0,1,95A7_2019-06-17_02-45-29_000_194,SAM_8586,SPECTRUM,RAW,,,2019-06-17 02:45:29,0,0,,,,,SAM Control,SAM_8586,No Mission,1,0,1,,DLAB_2018-04-12_09-33-02_217_812,DLAB_2018-04-12_15-39-16_217_235,4096,-1,0,+INF,0,65535,0,-NAN,$05 $00 Pixel,$03 $05 Intensity counts,$f0 $05 Error counts,$f1 $00 Status,14
102,1346,0,0,1,95A7_2019-06-17_02-45-29_000_194,SAM_8586,SPECTRUM,RAW,,,2019-06-17 02:45:29,0,0,,,,,SAM Control,SAM_8586,No Mission,1,0,1,,DLAB_2018-04-12_09-33-02_217_812,DLAB_2018-04-12_15-39-16_217_235,4096,-1,0,+INF,0,65535,0,-NAN,$05 $00 Pixel,$03 $05 Intensity counts,$f0 $05 Error counts,$f1 $00 Status,14
103,1344,0,0,1,95A7_2019-06-17_02-45-29_000_194,SAM_8586,SPECTRUM,RAW,,,2019-06-17 02:45:29,0,0,,,,,SAM Control,SAM_8586,No Mission,1,0,1,,DLAB_2018-04-12_09-33-02_217_812,DLAB_2018-04-12_15-39-16_217_235,4096,-1,0,+INF,0,65535,0,-NAN,$05 $00 Pixel,$03 $05 Intensity counts,$f0 $05 Error counts,$f1 $00 Status,14
104,1342,0,0,1,95A7_2019-06-17_02-45-29_000_194,SAM_8586,SPECTRUM,RAW,,,2019-06-17 02:45:29,0,0,,,,,SAM Control,SAM_8586,No Mission,1,0,1,,DLAB_2018-04-12_09-33-02_217_812,DLAB_2018-04-12_15-39-16_217_235,4096,-1,0,+INF,0,65535,0,-NAN,$05 $00 Pixel,$03 $05 Intensity counts,$f0 $05 Error counts,$f1 $00 Status,14
105,1342,0,0,1,95A7_2019-06-17_02-45-29_000_194,SAM_8586,SPECTRUM,RAW,,,2019-06-17 02:45:29,0,0,,,,,SAM Control,SAM_8586,No Mission,1,0,1,,DLAB_2018-04-12_09-33-02_217_812,DLAB_2018-04-12_15-39-16_217_235,4096,-1,0,+INF,0,65535,0,-NAN,$05 $00 Pixel,$03 $05 Intensity counts,$f0 $05 Error counts,$f1 $00 Status,14
106,1345,0,0,1,95A7_2019-06-17_02-45-29_000_194,SAM_8586,SPECTRUM,RAW,,,2019-06-17 02:45:29,0,0,,,,,SAM Control,SAM_8586,No Mission,1,0,1,,DLAB_2018-04-12_09-33-02_217_812,DLAB_2018-04-12_15-39-16_217_235,4096,-1,0,+INF,0,65535,0,-NAN,$05 $00 Pixel,$03 $05 Intensity counts,$f0 $05 Error counts,$f1 $00 Status,14
107,1341,0,0,1,95A7_2019-06-17_02-45-29_000_194,SAM_8586,SPECTRUM,RAW,,,2019-06-17 02:45:29,0,0,,,,,SAM Control,SAM_8586,No Mission,1,0,1,,DLAB_2018-04-12_09-33-02_217_812,DLAB_2018-04-12_15-39-16_217_235,4096,-1,0,+INF,0,65535,0,-NAN,$05 $00 Pixel,$03 $05 Intensity counts,$f0 $05 Error counts,$f1 $00 Status,14
108,1341,0,0,1,95A7_2019-06-17_02-45-29_000_194,SAM_8586,SPECTRUM,RAW,,,2019-06-17 02:45:29,0,0,,,,,SAM Control,SAM_8586,No Mission,1,0,1,,DLAB_2018-04-12_09-33-02_217_812,DLAB_2018-04-12_15-39-16_217_235,4096,-1,0,+INF,0,65535,0,-NAN,$05 $00 Pixel,$03 $05 Intensity counts,$f0 $05 Error counts,$f1 $00 Status,14
109,1342,0,0,1,95A7_2019-06-17_02-45-29_000_194,SAM_8586,SPECTRUM,RAW,,,2019-06-17 02:45:29,0,0,,,,,SAM Control,SAM_8586,No Mission,1,0,1,,DLAB_2018-04-12_09-33-02_217_812,DLAB_2018-04-12_15-39-16_217_235,4096,-1,0,+INF,0,65535,0,-NAN,$05 $00 Pixel,$03 $05 Intensity counts,$f0 $05 Error counts,$f1 $00 Status,14
110,1347,0,0,1,95A7_2019-06-17_02-45-29_000_194,SAM_8586,SPECTRUM,RAW,,,2019-06-17 02:45:29,0,0,,,,,SAM Control,SAM_8586,No Mission,1,0,1,,DLAB_2018-04-12_09-33-02_217_812,DLAB_2018-04-12_15-39-16_217_235,4096,-1,0,+INF,0,65535,0,-NAN,$05 $00 Pixel,$03 $05 Intensity counts,$f0 $05 Error counts,$f1 $00 Status,14
111,1338,0,0,1,95A7_2019-06-17_02-45-29_000_194,SAM_8586,SPECTRUM,RAW,,,2019-06-17 02:45:29,0,0,,,,,SAM Control,SAM_8586,No Mission,1,0,1,,DLAB_2018-04-12_09-33-02_217_812,DLAB_2018-04-12_15-39-16_217_235,4096,-1,0,+INF,0,65535,0,-NAN,$05 $00 Pixel,$03 $05 Intensity counts,$f0 $05 Error counts,$f1 $00 Status,14
112,1351,0,0,1,95A7_2019-06-17_02-45-29_000_194,SAM_8586,SPECTRUM,RAW,,,2019-06-17 02:45:29,0,0,,,,,SAM Control,SAM_8586,No Mission,1,0,1,,DLAB_2018-04-12_09-33-02_217_812,DLAB_2018-04-12_15-39-16_217_235,4096,-1,0,+INF,0,65535,0,-NAN,$05 $00 Pixel,$03 $05 Intensity counts,$f0 $05 Error counts,$f1 $00 Status,14
113,1343,0,0,1,95A7_2019-06-17_02-45-29_000_194,SAM_8586,SPECTRUM,RAW,,,2019-06-17 02:45:29,0,0,,,,,SAM Control,SAM_8586,No Mission,1,0,1,,DLAB_2018-04-12_09-33-02_217_812,DLAB_2018-04-12_15-39-16_217_235,4096,-1,0,+INF,0,65535,0,-NAN,$05 $00 Pixel,$03 $05 Intensity counts,$f0 $05 Error counts,$f1 $00 Status,14
114,1340,0,0,1,95A7_2019-06-17_02-45-29_000_194,SAM_8586,SPECTRUM,RAW,,,2019-06-17 02:45:29,0,0,,,,,SAM Control,SAM_8586,No Mission,1,0,1,,DLAB_2018-04-12_09-33-02_217_812,DLAB_2018-04-12_15-39-16_217_235,4096,-1,0,+INF,0,65535,0,-NAN,$05 $00 Pixel,$03 $05 Intensity counts,$f0 $05 Error counts,$f1 $00 Status,14
115,1344,0,0,1,95A7_2019-06-17_02-45-29_000_194,SAM_8586,SPECTRUM,RAW,,,2019-06-17 02:45:29,0,0,,,,,SAM Control,SAM_8586,No Mission,1,0,1,,DLAB_2018-04-12_09-33-02_217_812,DLAB_2018-04-12_15-39-16_217_235,4096,-1,0,+INF,0,65535,0,-NAN,$05 $00 Pixel,$03 $05 Intensity counts,$f0 $05 Error counts,$f1 $00 Status,14
116,1340,0,0,1,95A7_2019-06-17_02-45-29_000_194,SAM_8586,SPECTRUM,RAW,,,2019-06-17 02:45:29,0,0,,,,,SAM Control,SAM_8586,No Mission,1,0,1,,DLAB_2018-04-12_09-33-02_217_812,DLAB_2018-04-12_15-39-16_217_235,4096,-1,0,+INF,0,65535,0,-NAN,$05 $00 Pixel,$03 $05 Intensity counts,$f0 $05 Error counts,$f1 $00 Status,14
117,1338,0,0,1,95A7_2019-06-17_02-45-29_000_194,SAM_8586,SPECTRUM,RAW,,,2019-06-17 02:45:29,0,0,,,,,SAM Control,SAM_8586,No Mission,1,0,1,,DLAB_2018-04-12_09-33-02_217_812,DLAB_2018-04-12_15-39-16_217_235,4096,-1,0,+INF,0,65535,0,-NAN,$05 $00 Pixel,$03 $05 Intensity counts,$f0 $05 Error counts,$f1 $00 Status,14
118,1346,0,0,1,95A7_2019-06-17_02-45-29_000_194,SAM_8586,SPECTRUM,RAW,,,2019-06-17 02:45:29,0,0,,,,,SAM Control,SAM_8586,No Mission,1,0,1,,DLAB_2018-04-12_09-33-02_217_812,DLAB_2018-04-12_15-39-16_217_235,4096,-1,0,+INF,0,65535,0,-NAN,$05 $00 Pixel,$03 $05 Intensity counts,$f0 $05 Error counts,$f1 $00 Status,14
119,1341,0,0,1,95A7_2019-06-17_02-45-29_000_194,SAM_8586,SPECTRUM,RAW,,,2019-06-17 02:45:29,0,0,,,,,SAM Control,SAM_8586,No Mission,1,0,1,,DLAB_2018-04-12_09-33-02_217_812,DLAB_2018-04-12_15-39-16_217_235,4096,-1,0,+INF,0,65535,0,-NAN,$05 $00 Pixel,$03 $05 Intensity counts,$f0 $05 Error counts,$f1 $00 Status,14
120,1349,0,0,1,95A7_2019-06-17_02-45-29_000_194,SAM_8586,SPECTRUM,RAW,,,2019-06-17 02:45:29,0,0,,,,,SAM Control,SAM_8586,No Mission,1,0,1,,DLAB_2018-04-12_09-33-02_217_812,DLAB_2018-04-12_15-39-16_217_235,4096,-1,0,+INF,0,65535,0,-NAN,$05 $00 Pixel,$03 $05 Intensity counts,$f0 $05 Error counts,$f1 $00 Status,14
121,1341,0,0,1,95A7_2019-06-17_02-45-29_000_194,SAM_8586,SPECTRUM,RAW,,,2019-06-17 02:45:29,0,0,,,,,SAM Control,SAM_8586,No Mission,1,0,1,,DLAB_2018-04-12_09-33-02_217_812,DLAB_2018-04-12_15-39-16_217_235,4096,-1,0,+INF,0,65535,0,-NAN,$05 $00 Pixel,$03 $05 Intensity counts,$f0 $05 Error counts,$f1 $00 Status,14
122,1341,0,0,1,95A7_2019-06-17_02-45-29_000_194,SAM_8586,SPECTRUM,RAW,,,2019-06-17 02:45:29,0,0,,,,,SAM Control,SAM_8586,No Mission,1,0,1,,DLAB_2018-04-12_09-33-02_217_812,DLAB_2018-04-12_15-39-16_217_235,4096,-1,0,+INF,0,65535,0,-NAN,$05 $00 Pixel,$03 $05 Intensity counts,$f0 $05 Error counts,$f1 $00 Status,14
123,1345,0,0,1,95A7_2019-06-17_02-45-29_000_194,SAM_8586,SPECTRUM,RAW,,,2019-06-17 02:45:29,0,0,,,,,SAM Control,SAM_8586,No Mission,1,0,1,,DLAB_2018-04-12_09-33-02_217_812,DLAB_2018-04-12_15-39-16_217_235,4096,-1,0,+INF,0,65535,0,-NAN,$05 $00 Pixel,$03 $05 Intensity counts,$f0 $05 Error counts,$f1 $00 Status,14
124,1346,0,0,1,95A7_2019-06-17_02-45-29_000_194,SAM_8586,SPECTRUM,RAW,,,2019-06-17 02:45:29,0,0,,,,,SAM Control,SAM_8586,No Mission,1,0,1,,DLAB_2018-04-12_09-33-02_217_812,DLAB_2018-04-12_15-39-16_217_235,4096,-1,0,+INF,0,65535,0,-NAN,$05 $00 Pixel,$03 $05 Intensity counts,$f0 $05 Error counts,$f1 $00 Status,14
125,1339,0,0,1,95A7_2019-06-17_02-45-29_000_194,SAM_8586,SPECTRUM,RAW,,,2019-06-17 02:45:29,0,0,,,,,SAM Control,SAM_8586,No Mission,1,0,1,,DLAB_2018-04-12_09-33-02_217_812,DLAB_2018-04-12_15-39-16_217_235,4096,-1,0,+INF,0,65535,0,-NAN,$05 $00 Pixel,$03 $05 Intensity counts,$f0 $05 Error counts,$f1 $00 Status,14
126,1342,0,0,1,95A7_2019-06-17_02-45-29_000_194,SAM_8586,SPECTRUM,RAW,,,2019-06-17 02:45:29,0,0,,,,,SAM Control,SAM_8586,No Mission,1,0,1,,DLAB_2018-04-12_09-33-02_217_812,DLAB_2018-04-12_15-39-16_217_235,4096,-1,0,+INF,0,65535,0,-NAN,$05 $00 Pixel,$03 $05 Intensity counts,$f0 $05 Error counts,$f1 $00 Status,14
127,1342,0,0,1,95A7_2019-06-17_02-45-29_000_194,SAM_8586,SPECTRUM,RAW,,,2019-06-17 02:45:29,0,0,,,,,SAM Control,SAM_8586,No Mission,1,0,1,,DLAB_2018-04-12_09-33-02_217_812,DLAB_2018-04-12_15-39-16_217_235,4096,-1,0,+INF,0,65535,0,-NAN,$05 $00 Pixel,$03 $05 Intensity counts,$f0 $05 Error counts,$f1 $00 Status,14
128,1341,0,0,1,95A7_2019-06-17_02-45-29_000_194,SAM_8586,SPECTRUM,RAW,,,2019-06-17 02:45:29,0,0,,,,,SAM Control,SAM_8586,No Mission,1,0,1,,DLAB_2018-04-12_09-33-02_217_812,DLAB_2018-04-12_15-39-16_217_235,4096,-1,0,+INF,0,65535,0,-NAN,$05 $00 Pixel,$03 $05 Intensity counts,$f0 $05 Error counts,$f1 $00 Status,14
129,1343,0,0,1,95A7_2019-06-17_02-45-29_000_194,SAM_8586,SPECTRUM,RAW,,,2019-06-17 02:45:29,0,0,,,,,SAM Control,SAM_8586,No Mission,1,0,1,,DLAB_2018-04-12_09-33-02_217_812,DLAB_2018-04-12_15-39-16_217_235,4096,-1,0,+INF,0,65535,0,-NAN,$05 $00 Pixel,$03 $05 Intensity counts,$f0 $05 Error counts,$f1 $00 Status,14
130,1344,0,0,1,95A7_2019-06-17_02-45-29_000_194,SAM_8586,SPECTRUM,RAW,,,2019-06-17 02:45:29,0,0,,,,,SAM Control,SAM_8586,No Mission,1,0,1,,DLAB_2018-04-12_09-33-02_217_812,DLAB_2018-04-12_15-39-16_217_235,4096,-1,0,+INF,0,65535,0,-NAN,$05 $00 Pixel,$03 $05 Intensity counts,$f0 $05 Error counts,$f1 $00 Status,14
131,1342,0,0,1,95A7_2019-06-17_02-45-29_000_194,SAM_8586,SPECTRUM,RAW,,,2019-06-17 02:45:29,0,0,,,,,SAM Control,SAM_8586,No Mission,1,0,1,,DLAB_2018-04-12_09-33-02_217_812,DLAB_2018-04-12_15-39-16_217_235,4096,-1,0,+INF,0,65535,0,-NAN,$05 $00 Pixel,$03 $05 Intensity counts,$f0 $05 Error counts,$f1 $00 Status,14
132,1340,0,0,1,95A7_2019-06-17_02-45-29_000_194,SAM_8586,SPECTRUM,RAW,,,2019-06-17 02:45:29,0,0,,,,,SAM Control,SAM_8586,No Mission,1,0,1,,DLAB_2018-04-12_09-33-02_217_812,DLAB_2018-04-12_15-39-16_217_235,4096,-1,0,+INF,0,65535,0,-NAN,$05 $00 Pixel,$03 $05 Intensity counts,$f0 $05 Error counts,$f1 $00 Status,14
133,1341,0,0,1,95A7_2019-06-17_02-45-29_000_194,SAM_8586,SPECTRUM,RAW,,,2019-06-17 02:45:29,0,0,,,,,SAM Control,SAM_8586,No Mission,1,0,1,,DLAB_2018-04-12_09-33-02_217_812,DLAB_2018-04-12_15-39-16_217_235,4096,-1,0,+INF,0,65535,0,-NAN,$05 $00 Pixel,$03 $05 Intensity counts,$f0 $05 Error counts,$f1 $00 Status,14
134,1343,0,0,1,95A7_2019-06-17_02-45-29_000_194,SAM_8586,SPECTRUM,RAW,,,2019-06-17 02:45:29,0,0,,,,,SAM Control,SAM_8586,No Mission,1,0,1,,DLAB_2018-04-12_09-33-02_217_812,DLAB_2018-04-12_15-39-16_217_235,4096,-1,0,+INF,0,65535,0,-NAN,$05 $00 Pixel,$03 $05 Intensity counts,$f0 $05 Error counts,$f1 $00 Status,14
135,1338,0,0,1,95A7_2019-06-17_02-45-29_000_194,SAM_8586,SPECTRUM,RAW,,,2019-06-17 02:45:29,0,0,,,,,SAM Control,SAM_8586,No Mission,1,0,1,,DLAB_2018-04-12_09-33-02_217_812,DLAB_2018-04-12_15-39-16_217_235,4096,-1,0,+INF,0,65535,0,-NAN,$05 $00 Pixel,$03 $05 Intensity counts,$f0 $05 Error counts,$f1 $00 Status,14
136,1341,0,0,1,95A7_2019-06-17_02-45-29_000_194,SAM_8586,SPECTRUM,RAW,,,2019-06-17 02:45:29,0,0,,,,,SAM Control,SAM_8586,No Mission,1,0,1,,DLAB_2018-04-12_09-33-02_217_812,DLAB_2018-04-12_15-39-16_217_235,4096,-1,0,+INF,0,65535,0,-NAN,$05 $00 Pixel,$03 $05 Intensity counts,$f0 $05 Error counts,$f1 $00 Status,14
137,1332,0,0,1,95A7_2019-06-17_02-45-29_000_194,SAM_8586,SPECTRUM,RAW,,,2019-06-17 02:45:29,0,0,,,,,SAM Control,SAM_8586,No Mission,1,0,1,,DLAB_2018-04-12_09-33-02_217_812,DLAB_2018-04-12_15-39-16_217_235,4096,-1,0,+INF,0,65535,0,-NAN,$05 $00 Pixel,$03 $05 Intensity counts,$f0 $05 Error counts,$f1 $00 Status,14
138,1340,0,0,1,95A7_2019-06-17_02-45-29_000_194,SAM_8586,SPECTRUM,RAW,,,2019-06-17 02:45:29,0,0,,,,,SAM Control,SAM_8586,No Mission,1,0,1,,DLAB_2018-04-12_09-33-02_217_812,DLAB_2018-04-12_15-39-16_217_235,4096,-1,0,+INF,0,65535,0,-NAN,$05 $00 Pixel,$03 $05 Intensity counts,$f0 $05 Error counts,$f1 $00 Status,14
139,1340,0,0,1,95A7_2019-06-17_02-45-29_000_194,SAM_8586,SPECTRUM,RAW,,,2019-06-17 02:45:29,0,0,,,,,SAM Control,SAM_8586,No Mission,1,0,1,,DLAB_2018-04-12_09-33-02_217_812,DLAB_2018-04-12_15-39-16_217_235,4096,-1,0,+INF,0,65535,0,-NAN,$05 $00 Pixel,$03 $05 Intensity counts,$f0 $05 Error counts,$f1 $00 Status,14
140,1340,0,0,1,95A7_2019-06-17_02-45-29_000_194,SAM_8586,SPECTRUM,RAW,,,2019-06-17 02:45:29,0,0,,,,,SAM Control,SAM_8586,No Mission,1,0,1,,DLAB_2018-04-12_09-33-02_217_812,DLAB_2018-04-12_15-39-16_217_235,4096,-1,0,+INF,0,65535,0,-NAN,$05 $00 Pixel,$03 $05 Intensity counts,$f0 $05 Error counts,$f1 $00 Status,14
141,1338,0,0,1,95A7_2019-06-17_02-45-29_000_194,SAM_8586,SPECTRUM,RAW,,,2019-06-17 02:45:29,0,0,,,,,SAM Control,SAM_8586,No Mission,1,0,1,,DLAB_2018-04-12_09-33-02_217_812,DLAB_2018-04-12_15-39-16_217_235,4096,-1,0,+INF,0,65535,0,-NAN,$05 $00 Pixel,$03 $05 Intensity counts,$f0 $05 Error counts,$f1 $00 Status,14
142,1348,0,0,1,95A7_2019-06-17_02-45-29_000_194,SAM_8586,SPECTRUM,RAW,,,2019-06-17 02:45:29,0,0,,,,,SAM Control,SAM_8586,No Mission,1,0,1,,DLAB_2018-04-12_09-33-02_217_812,DLAB_2018-04-12_15-39-16_217_235,4096,-1,0,+INF,0,65535,0,-NAN,$05 $00 Pixel,$03 $05 Intensity counts,$f0 $05 Error counts,$f1 $00 Status,14
143,1337,0,0,1,95A7_2019-06-17_02-45-29_000_194,SAM_8586,SPECTRUM,RAW,,,2019-06-17 02:45:29,0,0,,,,,SAM Control,SAM_8586,No Mission,1,0,1,,DLAB_2018-04-12_09-33-02_217_812,DLAB_2018-04-12_15-39-16_217_235,4096,-1,0,+INF,0,65535,0,-NAN,$05 $00 Pixel,$03 $05 Intensity counts,$f0 $05 Error counts,$f1 $00 Status,14
144,1342,0,0,1,95A7_2019-06-17_02-45-29_000_194,SAM_8586,SPECTRUM,RAW,,,2019-06-17 02:45:29,0,0,,,,,SAM Control,SAM_8586,No Mission,1,0,1,,DLAB_2018-04-12_09-33-02_217_812,DLAB_2018-04-12_15-39-16_217_235,4096,-1,0,+INF,0,65535,0,-NAN,$05 $00 Pixel,$03 $05 Intensity counts,$f0 $05 Error counts,$f1 $00 Status,14
145,1339,0,0,1,95A7_2019-06-17_02-45-29_000_194,SAM_8586,SPECTRUM,RAW,,,2019-06-17 02:45:29,0,0,,,,,SAM Control,SAM_8586,No Mission,1,0,1,,DLAB_2018-04-12_09-33-02_217_812,DLAB_2018-04-12_15-39-16_217_235,4096,-1,0,+INF,0,65535,0,-NAN,$05 $00 Pixel,$03 $05 Intensity counts,$f0 $05 Error counts,$f1 $00 Status,14
146,1345,0,0,1,95A7_2019-06-17_02-45-29_000_194,SAM_8586,SPECTRUM,RAW,,,2019-06-17 02:45:29,0,0,,,,,SAM Control,SAM_8586,No Mission,1,0,1,,DLAB_2018-04-12_09-33-02_217_812,DLAB_2018-04-12_15-39-16_217_235,4096,-1,0,+INF,0,65535,0,-NAN,$05 $00 Pixel,$03 $05 Intensity counts,$f0 $05 Error counts,$f1 $00 Status,14
147,1335,0,0,1,95A7_2019-06-17_02-45-29_000_194,SAM_8586,SPECTRUM,RAW,,,2019-06-17 02:45:29,0,0,,,,,SAM Control,SAM_8586,No Mission,1,0,1,,DLAB_2018-04-12_09-33-02_217_812,DLAB_2018-04-12_15-39-16_217_235,4096,-1,0,+INF,0,65535,0,-NAN,$05 $00 Pixel,$03 $05 Intensity counts,$f0 $05 Error counts,$f1 $00 Status,14
148,1343,0,0,1,95A7_2019-06-17_02-45-29_000_194,SAM_8586,SPECTRUM,RAW,,,2019-06-17 02:45:29,0,0,,,,,SAM Control,SAM_8586,No Mission,1,0,1,,DLAB_2018-04-12_09-33-02_217_812,DLAB_2018-04-12_15-39-16_217_235,4096,-1,0,+INF,0,65535,0,-NAN,$05 $00 Pixel,$03 $05 Intensity counts,$f0 $05 Error counts,$f1 $00 Status,14
149,1335,0,0,1,95A7_2019-06-17_02-45-29_000_194,SAM_8586,SPECTRUM,RAW,,,2019-06-17 02:45:29,0,0,,,,,SAM Control,SAM_8586,No Mission,1,0,1,,DLAB_2018-04-12_09-33-02_217_812,DLAB_2018-04-12_15-39-16_217_235,4096,-1,0,+INF,0,65535,0,-NAN,$05 $00 Pixel,$03 $05 Intensity counts,$f0 $05 Error counts,$f1 $00 Status,14
150,1342,0,0,1,95A7_2019-06-17_02-45-29_000_194,SAM_8586,SPECTRUM,RAW,,,2019-06-17 02:45:29,0,0,,,,,SAM Control,SAM_8586,No Mission,1,0,1,,DLAB_2018-04-12_09-33-02_217_812,DLAB_2018-04-12_15-39-16_217_235,4096,-1,0,+INF,0,65535,0,-NAN,$05 $00 Pixel,$03 $05 Intensity counts,$f0 $05 Error counts,$f1 $00 Status,14
151,1338,0,0,1,95A7_2019-06-17_02-45-29_000_194,SAM_8586,SPECTRUM,RAW,,,2019-06-17 02:45:29,0,0,,,,,SAM Control,SAM_8586,No Mission,1,0,1,,DLAB_2018-04-12_09-33-02_217_812,DLAB_2018-04-12_15-39-16_217_235,4096,-1,0,+INF,0,65535,0,-NAN,$05 $00 Pixel,$03 $05 Intensity counts,$f0 $05 Error counts,$f1 $00 Status,14
152,1333,0,0,1,95A7_2019-06-17_02-45-29_000_194,SAM_8586,SPECTRUM,RAW,,,2019-06-17 02:45:29,0,0,,,,,SAM Control,SAM_8586,No Mission,1,0,1,,DLAB_2018-04-12_09-33-02_217_812,DLAB_2018-04-12_15-39-16_217_235,4096,-1,0,+INF,0,65535,0,-NAN,$05 $00 Pixel,$03 $05 Intensity counts,$f0 $05 Error counts,$f1 $00 Status,14
153,1333,0,0,1,95A7_2019-06-17_02-45-29_000_194,SAM_8586,SPECTRUM,RAW,,,2019-06-17 02:45:29,0,0,,,,,SAM Control,SAM_8586,No Mission,1,0,1,,DLAB_2018-04-12_09-33-02_217_812,DLAB_2018-04-12_15-39-16_217_235,4096,-1,0,+INF,0,65535,0,-NAN,$05 $00 Pixel,$03 $05 Intensity counts,$f0 $05 Error counts,$f1 $00 Status,14
154,1342,0,0,1,95A7_2019-06-17_02-45-29_000_194,SAM_8586,SPECTRUM,RAW,,,2019-06-17 02:45:29,0,0,,,,,SAM Control,SAM_8586,No Mission,1,0,1,,DLAB_2018-04-12_09-33-02_217_812,DLAB_2018-04-12_15-39-16_217_235,4096,-1,0,+INF,0,65535,0,-NAN,$05 $00 Pixel,$03 $05 Intensity counts,$f0 $05 Error counts,$f1 $00 Status,14
155,1337,0,0,1,95A7_2019-06-17_02-45-29_000_194,SAM_8586,SPECTRUM,RAW,,,2019-06-17 02:45:29,0,0,,,,,SAM Control,SAM_8586,No Mission,1,0,1,,DLAB_2018-04-12_09-33-02_217_812,DLAB_2018-04-12_15-39-16_217_235,4096,-1,0,+INF,0,65535,0,-NAN,$05 $00 Pixel,$03 $05 Intensity counts,$f0 $05 Error counts,$f1 $00 Status,14
156,1335,0,0,1,95A7_2019-06-17_02-45-29_000_194,SAM_8586,SPECTRUM,RAW,,,2019-06-17 02:45:29,0,0,,,,,SAM Control,SAM_8586,No Mission,1,0,1,,DLAB_2018-04-12_09-33-02_217_812,DLAB_2018-04-12_15-39-16_217_235,4096,-1,0,+INF,0,65535,0,-NAN,$05 $00 Pixel,$03 $05 Intensity counts,$f0 $05 Error counts,$f1 $00 Status,14
157,1335,0,0,1,95A7_2019-06-17_02-45-29_000_194,SAM_8586,SPECTRUM,RAW,,,2019-06-17 02:45:29,0,0,,,,,SAM Control,SAM_8586,No Mission,1,0,1,,DLAB_2018-04-12_09-33-02_217_812,DLAB_2018-04-12_15-39-16_217_235,4096,-1,0,+INF,0,65535,0,-NAN,$05 $00 Pixel,$03 $05 Intensity counts,$f0 $05 Error counts,$f1 $00 Status,14
158,1341,0,0,1,95A7_2019-06-17_02-45-29_000_194,SAM_8586,SPECTRUM,RAW,,,2019-06-17 02:45:29,0,0,,,,,SAM Control,SAM_8586,No Mission,1,0,1,,DLAB_2018-04-12_09-33-02_217_812,DLAB_2018-04-12_15-39-16_217_235,4096,-1,0,+INF,0,65535,0,-NAN,$05 $00 Pixel,$03 $05 Intensity counts,$f0 $05 Error counts,$f1 $00 Status,14
159,1338,0,0,1,95A7_2019-06-17_02-45-29_000_194,SAM_8586,SPECTRUM,RAW,,,2019-06-17 02:45:29,0,0,,,,,SAM Control,SAM_8586,No Mission,1,0,1,,DLAB_2018-04-12_09-33-02_217_812,DLAB_2018-04-12_15-39-16_217_235,4096,-1,0,+INF,0,65535,0,-NAN,$05 $00 Pixel,$03 $05 Intensity counts,$f0 $05 Error counts,$f1 $00 Status,14
160,1340,0,0,1,95A7_2019-06-17_02-45-29_000_194,SAM_8586,SPECTRUM,RAW,,,2019-06-17 02:45:29,0,0,,,,,SAM Control,SAM_8586,No Mission,1,0,1,,DLAB_2018-04-12_09-33-02_217_812,DLAB_2018-04-12_15-39-16_217_235,4096,-1,0,+INF,0,65535,0,-NAN,$05 $00 Pixel,$03 $05 Intensity counts,$f0 $05 Error counts,$f1 $00 Status,14
161,1340,0,0,1,95A7_2019-06-17_02-45-29_000_194,SAM_8586,SPECTRUM,RAW,,,2019-06-17 02:45:29,0,0,,,,,SAM Control,SAM_8586,No Mission,1,0,1,,DLAB_2018-04-12_09-33-02_217_812,DLAB_2018-04-12_15-39-16_217_235,4096,-1,0,+INF,0,65535,0,-NAN,$05 $00 Pixel,$03 $05 Intensity counts,$f0 $05 Error counts,$f1 $00 Status,14
162,1336,0,0,1,95A7_2019-06-17_02-45-29_000_194,SAM_8586,SPECTRUM,RAW,,,2019-06-17 02:45:29,0,0,,,,,SAM Control,SAM_8586,No Mission,1,0,1,,DLAB_2018-04-12_09-33-02_217_812,DLAB_2018-04-12_15-39-16_217_235,4096,-1,0,+INF,0,65535,0,-NAN,$05 $00 Pixel,$03 $05 Intensity counts,$f0 $05 Error counts,$f1 $00 Status,14
163,1336,0,0,1,95A7_2019-06-17_02-45-29_000_194,SAM_8586,SPECTRUM,RAW,,,2019-06-17 02:45:29,0,0,,,,,SAM Control,SAM_8586,No Mission,1,0,1,,DLAB_2018-04-12_09-33-02_217_812,DLAB_2018-04-12_15-39-16_217_235,4096,-1,0,+INF,0,65535,0,-NAN,$05 $00 Pixel,$03 $05 Intensity counts,$f0 $05 Error counts,$f1 $00 Status,14
164,1345,0,0,1,95A7_2019-06-17_02-45-29_000_194,SAM_8586,SPECTRUM,RAW,,,2019-06-17 02:45:29,0,0,,,,,SAM Control,SAM_8586,No Mission,1,0,1,,DLAB_2018-04-12_09-33-02_217_812,DLAB_2018-04-12_15-39-16_217_235,4096,-1,0,+INF,0,65535,0,-NAN,$05 $00 Pixel,$03 $05 Intensity counts,$f0 $05 Error counts,$f1 $00 Status,14
165,1334,0,0,1,95A7_2019-06-17_02-45-29_000_194,SAM_8586,SPECTRUM,RAW,,,2019-06-17 02:45:29,0,0,,,,,SAM Control,SAM_8586,No Mission,1,0,1,,DLAB_2018-04-12_09-33-02_217_812,DLAB_2018-04-12_15-39-16_217_235,4096,-1,0,+INF,0,65535,0,-NAN,$05 $00 Pixel,$03 $05 Intensity counts,$f0 $05 Error counts,$f1 $00 Status,14
166,1342,0,0,1,95A7_2019-06-17_02-45-29_000_194,SAM_8586,SPECTRUM,RAW,,,2019-06-17 02:45:29,0,0,,,,,SAM Control,SAM_8586,No Mission,1,0,1,,DLAB_2018-04-12_09-33-02_217_812,DLAB_2018-04-12_15-39-16_217_235,4096,-1,0,+INF,0,65535,0,-NAN,$05 $00 Pixel,$03 $05 Intensity counts,$f0 $05 Error counts,$f1 $00 Status,14
167,1338,0,0,1,95A7_2019-06-17_02-45-29_000_194,SAM_8586,SPECTRUM,RAW,,,2019-06-17 02:45:29,0,0,,,,,SAM Control,SAM_8586,No Mission,1,0,1,,DLAB_2018-04-12_09-33-02_217_812,DLAB_2018-04-12_15-39-16_217_235,4096,-1,0,+INF,0,65535,0,-NAN,$05 $00 Pixel,$03 $05 Intensity counts,$f0 $05 Error counts,$f1 $00 Status,14
168,1341,0,0,1,95A7_2019-06-17_02-45-29_000_194,SAM_8586,SPECTRUM,RAW,,,2019-06-17 02:45:29,0,0,,,,,SAM Control,SAM_8586,No Mission,1,0,1,,DLAB_2018-04-12_09-33-02_217_812,DLAB_2018-04-12_15-39-16_217_235,4096,-1,0,+INF,0,65535,0,-NAN,$05 $00 Pixel,$03 $05 Intensity counts,$f0 $05 Error counts,$f1 $00 Status,14
169,1339,0,0,1,95A7_2019-06-17_02-45-29_000_194,SAM_8586,SPECTRUM,RAW,,,2019-06-17 02:45:29,0,0,,,,,SAM Control,SAM_8586,No Mission,1,0,1,,DLAB_2018-04-12_09-33-02_217_812,DLAB_2018-04-12_15-39-16_217_235,4096,-1,0,+INF,0,65535,0,-NAN,$05 $00 Pixel,$03 $05 Intensity counts,$f0 $05 Error counts,$f1 $00 Status,14
170,1341,0,0,1,95A7_2019-06-17_02-45-29_000_194,SAM_8586,SPECTRUM,RAW,,,2019-06-17 02:45:29,0,0,,,,,SAM Control,SAM_8586,No Mission,1,0,1,,DLAB_2018-04-12_09-33-02_217_812,DLAB_2018-04-12_15-39-16_217_235,4096,-1,0,+INF,0,65535,0,-NAN,$05 $00 Pixel,$03 $05 Intensity counts,$f0 $05 Error counts,$f1 $00 Status,14
171,1338,0,0,1,95A7_2019-06-17_02-45-29_000_194,SAM_8586,SPECTRUM,RAW,,,2019-06-17 02:45:29,0,0,,,,,SAM Control,SAM_8586,No Mission,1,0,1,,DLAB_2018-04-12_09-33-02_217_812,DLAB_2018-04-12_15-39-16_217_235,4096,-1,0,+INF,0,65535,0,-NAN,$05 $00 Pixel,$03 $05 Intensity counts,$f0 $05 Error counts,$f1 $00 Status,14
172,1341,0,0,1,95A7_2019-06-17_02-45-29_000_194,SAM_8586,SPECTRUM,RAW,,,2019-06-17 02:45:29,0,0,,,,,SAM Control,SAM_8586,No Mission,1,0,1,,DLAB_2018-04-12_09-33-02_217_812,DLAB_2018-04-12_15-39-16_217_235,4096,-1,0,+INF,0,65535,0,-NAN,$05 $00 Pixel,$03 $05 Intensity counts,$f0 $05 Error counts,$f1 $00 Status,14
173,1338,0,0,1,95A7_2019-06-17_02-45-29_000_194,SAM_8586,SPECTRUM,RAW,,,2019-06-17 02:45:29,0,0,,,,,SAM Control,SAM_8586,No Mission,1,0,1,,DLAB_2018-04-12_09-33-02_217_812,DLAB_2018-04-12_15-39-16_217_235,4096,-1,0,+INF,0,65535,0,-NAN,$05 $00 Pixel,$03 $05 Intensity counts,$f0 $05 Error counts,$f1 $00 Status,14
174,1339,0,0,1,95A7_2019-06-17_02-45-29_000_194,SAM_8586,SPECTRUM,RAW,,,2019-06-17 02:45:29,0,0,,,,,SAM Control,SAM_8586,No Mission,1,0,1,,DLAB_2018-04-12_09-33-02_217_812,DLAB_2018-04-12_15-39-16_217_235,4096,-1,0,+INF,0,65535,0,-NAN,$05 $00 Pixel,$03 $05 Intensity counts,$f0 $05 Error counts,$f1 $00 Status,14
175,1341,0,0,1,95A7_2019-06-17_02-45-29_000_194,SAM_8586,SPECTRUM,RAW,,,2019-06-17 02:45:29,0,0,,,,,SAM Control,SAM_8586,No Mission,1,0,1,,DLAB_2018-04-12_09-33-02_217_812,DLAB_2018-04-12_15-39-16_217_235,4096,-1,0,+INF,0,65535,0,-NAN,$05 $00 Pixel,$03 $05 Intensity counts,$f0 $05 Error counts,$f1 $00 Status,14
176,1338,0,0,1,95A7_2019-06-17_02-45-29_000_194,SAM_8586,SPECTRUM,RAW,,,2019-06-17 02:45:29,0,0,,,,,SAM Control,SAM_8586,No Mission,1,0,1,,DLAB_2018-04-12_09-33-02_217_812,DLAB_2018-04-12_15-39-16_217_235,4096,-1,0,+INF,0,65535,0,-NAN,$05 $00 Pixel,$03 $05 Intensity counts,$f0 $05 Error counts,$f1 $00 Status,14
177,1340,0,0,1,95A7_2019-06-17_02-45-29_000_194,SAM_8586,SPECTRUM,RAW,,,2019-06-17 02:45:29,0,0,,,,,SAM Control,SAM_8586,No Mission,1,0,1,,DLAB_2018-04-12_09-33-02_217_812,DLAB_2018-04-12_15-39-16_217_235,4096,-1,0,+INF,0,65535,0,-NAN,$05 $00 Pixel,$03 $05 Intensity counts,$f0 $05 Error counts,$f1 $00 Status,14
178,1340,0,0,1,95A7_2019-06-17_02-45-29_000_194,SAM_8586,SPECTRUM,RAW,,,2019-06-17 02:45:29,0,0,,,,,SAM Control,SAM_8586,No Mission,1,0,1,,DLAB_2018-04-12_09-33-02_217_812,DLAB_2018-04-12_15-39-16_217_235,4096,-1,0,+INF,0,65535,0,-NAN,$05 $00 Pixel,$03 $05 Intensity counts,$f0 $05 Error counts,$f1 $00 Status,14
179,1337,0,0,1,95A7_2019-06-17_02-45-29_000_194,SAM_8586,SPECTRUM,RAW,,,2019-06-17 02:45:29,0,0,,,,,SAM Control,SAM_8586,No Mission,1,0,1,,DLAB_2018-04-12_09-33-02_217_812,DLAB_2018-04-12_15-39-16_217_235,4096,-1,0,+INF,0,65535,0,-NAN,$05 $00 Pixel,$03 $05 Intensity counts,$f0 $05 Error counts,$f1 $00 Status,14
180,1340,0,0,1,95A7_2019-06-17_02-45-29_000_194,SAM_8586,SPECTRUM,RAW,,,2019-06-17 02:45:29,0,0,,,,,SAM Control,SAM_8586,No Mission,1,0,1,,DLAB_2018-04-12_09-33-02_217_812,DLAB_2018-04-12_15-39-16_217_235,4096,-1,0,+INF,0,65535,0,-NAN,$05 $00 Pixel,$03 $05 Intensity counts,$f0 $05 Error counts,$f1 $00 Status,14
181,1335,0,0,1,95A7_2019-06-17_02-45-29_000_194,SAM_8586,SPECTRUM,RAW,,,2019-06-17 02:45:29,0,0,,,,,SAM Control,SAM_8586,No Mission,1,0,1,,DLAB_2018-04-12_09-33-02_217_812,DLAB_2018-04-12_15-39-16_217_235,4096,-1,0,+INF,0,65535,0,-NAN,$05 $00 Pixel,$03 $05 Intensity counts,$f0 $05 Error counts,$f1 $00 Status,14
182,1334,0,0,1,95A7_2019-06-17_02-45-29_000_194,SAM_8586,SPECTRUM,RAW,,,2019-06-17 02:45:29,0,0,,,,,SAM Control,SAM_8586,No Mission,1,0,1,,DLAB_2018-04-12_09-33-02_217_812,DLAB_2018-04-12_15-39-16_217_235,4096,-1,0,+INF,0,65535,0,-NAN,$05 $00 Pixel,$03 $05 Intensity counts,$f0 $05 Error counts,$f1 $00 Status,14
183,1334,0,0,1,95A7_2019-06-17_02-45-29_000_194,SAM_8586,SPECTRUM,RAW,,,2019-06-17 02:45:29,0,0,,,,,SAM Control,SAM_8586,No Mission,1,0,1,,DLAB_2018-04-12_09-33-02_217_812,DLAB_2018-04-12_15-39-16_217_235,4096,-1,0,+INF,0,65535,0,-NAN,$05 $00 Pixel,$03 $05 Intensity counts,$f0 $05 Error counts,$f1 $00 Status,14
184,1338,0,0,1,95A7_2019-06-17_02-45-29_000_194,SAM_8586,SPECTRUM,RAW,,,2019-06-17 02:45:29,0,0,,,,,SAM Control,SAM_8586,No Mission,1,0,1,,DLAB_2018-04-12_09-33-02_217_812,DLAB_2018-04-12_15-39-16_217_235,4096,-1,0,+INF,0,65535,0,-NAN,$05 $00 Pixel,$03 $05 Intensity counts,$f0 $05 Error counts,$f1 $00 Status,14
185,1335,0,0,1,95A7_2019-06-17_02-45-29_000_194,SAM_8586,SPECTRUM,RAW,,,2019-06-17 02:45:29,0,0,,,,,SAM Control,SAM_8586,No Mission,1,0,1,,DLAB_2018-04-12_09-33-02_217_812,DLAB_2018-04-12_15-39-16_217_235,4096,-1,0,+INF,0,65535,0,-NAN,$05 $00 Pixel,$03 $05 Intensity counts,$f0 $05 Error counts,$f1 $00 Status,14
186,1340,0,0,1,95A7_2019-06-17_02-45-29_000_194,SAM_8586,SPECTRUM,RAW,,,2019-06-17 02:45:29,0,0,,,,,SAM Control,SAM_8586,No Mission,1,0,1,,DLAB_2018-04-12_09-33-02_217_812,DLAB_2018-04-12_15-39-16_217_235,4096,-1,0,+INF,0,65535,0,-NAN,$05 $00 Pixel,$03 $05 Intensity counts,$f0 $05 Error counts,$f1 $00 Status,14
187,1336,0,0,1,95A7_2019-06-17_02-45-29_000_194,SAM_8586,SPECTRUM,RAW,,,2019-06-17 02:45:29,0,0,,,,,SAM Control,SAM_8586,No Mission,1,0,1,,DLAB_2018-04-12_09-33-02_217_812,DLAB_2018-04-12_15-39-16_217_235,4096,-1,0,+INF,0,65535,0,-NAN,$05 $00 Pixel,$03 $05 Intensity counts,$f0 $05 Error counts,$f1 $00 Status,14
188,1333,0,0,1,95A7_2019-06-17_02-45-29_000_194,SAM_8586,SPECTRUM,RAW,,,2019-06-17 02:45:29,0,0,,,,,SAM Control,SAM_8586,No Mission,1,0,1,,DLAB_2018-04-12_09-33-02_217_812,DLAB_2018-04-12_15-39-16_217_235,4096,-1,0,+INF,0,65535,0,-NAN,$05 $00 Pixel,$03 $05 Intensity counts,$f0 $05 Error counts,$f1 $00 Status,14
189,1333,0,0,1,95A7_2019-06-17_02-45-29_000_194,SAM_8586,SPECTRUM,RAW,,,2019-06-17 02:45:29,0,0,,,,,SAM Control,SAM_8586,No Mission,1,0,1,,DLAB_2018-04-12_09-33-02_217_812,DLAB_2018-04-12_15-39-16_217_235,4096,-1,0,+INF,0,65535,0,-NAN,$05 $00 Pixel,$03 $05 Intensity counts,$f0 $05 Error counts,$f1 $00 Status,14
190,1337,0,0,1,95A7_2019-06-17_02-45-29_000_194,SAM_8586,SPECTRUM,RAW,,,2019-06-17 02:45:29,0,0,,,,,SAM Control,SAM_8586,No Mission,1,0,1,,DLAB_2018-04-12_09-33-02_217_812,DLAB_2018-04-12_15-39-16_217_235,4096,-1,0,+INF,0,65535,0,-NAN,$05 $00 Pixel,$03 $05 Intensity counts,$f0 $05 Error counts,$f1 $00 Status,14
191,1328,0,0,1,95A7_2019-06-17_02-45-29_000_194,SAM_8586,SPECTRUM,RAW,,,2019-06-17 02:45:29,0,0,,,,,SAM Control,SAM_8586,No Mission,1,0,1,,DLAB_2018-04-12_09-33-02_217_812,DLAB_2018-04-12_15-39-16_217_235,4096,-1,0,+INF,0,65535,0,-NAN,$05 $00 Pixel,$03 $05 Intensity counts,$f0 $05 Error counts,$f1 $00 Status,14
192,1339,0,0,1,95A7_2019-06-17_02-45-29_000_194,SAM_8586,SPECTRUM,RAW,,,2019-06-17 02:45:29,0,0,,,,,SAM Control,SAM_8586,No Mission,1,0,1,,DLAB_2018-04-12_09-33-02_217_812,DLAB_2018-04-12_15-39-16_217_235,4096,-1,0,+INF,0,65535,0,-NAN,$05 $00 Pixel,$03 $05 Intensity counts,$f0 $05 Error counts,$f1 $00 Status,14
193,1337,0,0,1,95A7_2019-06-17_02-45-29_000_194,SAM_8586,SPECTRUM,RAW,,,2019-06-17 02:45:29,0,0,,,,,SAM Control,SAM_8586,No Mission,1,0,1,,DLAB_2018-04-12_09-33-02_217_812,DLAB_2018-04-12_15-39-16_217_235,4096,-1,0,+INF,0,65535,0,-NAN,$05 $00 Pixel,$03 $05 Intensity counts,$f0 $05 Error counts,$f1 $00 Status,14
194,1339,0,0,1,95A7_2019-06-17_02-45-29_000_194,SAM_8586,SPECTRUM,RAW,,,2019-06-17 02:45:29,0,0,,,,,SAM Control,SAM_8586,No Mission,1,0,1,,DLAB_2018-04-12_09-33-02_217_812,DLAB_2018-04-12_15-39-16_217_235,4096,-1,0,+INF,0,65535,0,-NAN,$05 $00 Pixel,$03 $05 Intensity counts,$f0 $05 Error counts,$f1 $00 Status,14
195,1337,0,0,1,95A7_2019-06-17_02-45-29_000_194,SAM_8586,SPECTRUM,RAW,,,2019-06-17 02:45:29,0,0,,,,,SAM Control,SAM_8586,No Mission,1,0,1,,DLAB_2018-04-12_09-33-02_217_812,DLAB_2018-04-12_15-39-16_217_235,4096,-1,0,+INF,0,65535,0,-NAN,$05 $00 Pixel,$03 $05 Intensity counts,$f0 $05 Error counts,$f1 $00 Status,14
196,1340,0,0,1,95A7_2019-06-17_02-45-29_000_194,SAM_8586,SPECTRUM,RAW,,,2019-06-17 02:45:29,0,0,,,,,SAM Control,SAM_8586,No Mission,1,0,1,,DLAB_2018-04-12_09-33-02_217_812,DLAB_2018-04-12_15-39-16_217_235,4096,-1,0,+INF,0,65535,0,-NAN,$05 $00 Pixel,$03 $05 Intensity counts,$f0 $05 Error counts,$f1 $00 Status,14
197,1340,0,0,1,95A7_2019-06-17_02-45-29_000_194,SAM_8586,SPECTRUM,RAW,,,2019-06-17 02:45:29,0,0,,,,,SAM Control,SAM_8586,No Mission,1,0,1,,DLAB_2018-04-12_09-33-02_217_812,DLAB_2018-04-12_15-39-16_217_235,4096,-1,0,+INF,0,65535,0,-NAN,$05 $00 Pixel,$03 $05 Intensity counts,$f0 $05 Error counts,$f1 $00 Status,14
198,1339,0,0,1,95A7_2019-06-17_02-45-29_000_194,SAM_8586,SPECTRUM,RAW,,,2019-06-17 02:45:29,0,0,,,,,SAM Control,SAM_8586,No Mission,1,0,1,,DLAB_2018-04-12_09-33-02_217_812,DLAB_2018-04-12_15-39-16_217_235,4096,-1,0,+INF,0,65535,0,-NAN,$05 $00 Pixel,$03 $05 Intensity counts,$f0 $05 Error counts,$f1 $00 Status,14
199,1331,0,0,1,95A7_2019-06-17_02-45-29_000_194,SAM_8586,SPECTRUM,RAW,,,2019-06-17 02:45:29,0,0,,,,,SAM Control,SAM_8586,No Mission,1,0,1,,DLAB_2018-04-12_09-33-02_217_812,DLAB_2018-04-12_15-39-16_217_235,4096,-1,0,+INF,0,65535,0,-NAN,$05 $00 Pixel,$03 $05 Intensity counts,$f0 $05 Error counts,$f1 $00 Status,14
200,1338,0,0,1,95A7_2019-06-17_02-45-29_000_194,SAM_8586,SPECTRUM,RAW,,,2019-06-17 02:45:29,0,0,,,,,SAM Control,SAM_8586,No Mission,1,0,1,,DLAB_2018-04-12_09-33-02_217_812,DLAB_2018-04-12_15-39-16_217_235,4096,-1,0,+INF,0,65535,0,-NAN,$05 $00 Pixel,$03 $05 Intensity counts,$f0 $05 Error counts,$f1 $00 Status,14
201,1334,0,0,1,95A7_2019-06-17_02-45-29_000_194,SAM_8586,SPECTRUM,RAW,,,2019-06-17 02:45:29,0,0,,,,,SAM Control,SAM_8586,No Mission,1,0,1,,DLAB_2018-04-12_09-33-02_217_812,DLAB_2018-04-12_15-39-16_217_235,4096,-1,0,+INF,0,65535,0,-NAN,$05 $00 Pixel,$03 $05 Intensity counts,$f0 $05 Error counts,$f1 $00 Status,14
202,1340,0,0,1,95A7_2019-06-17_02-45-29_000_194,SAM_8586,SPECTRUM,RAW,,,2019-06-17 02:45:29,0,0,,,,,SAM Control,SAM_8586,No Mission,1,0,1,,DLAB_2018-04-12_09-33-02_217_812,DLAB_2018-04-12_15-39-16_217_235,4096,-1,0,+INF,0,65535,0,-NAN,$05 $00 Pixel,$03 $05 Intensity counts,$f0 $05 Error counts,$f1 $00 Status,14
203,1336,0,0,1,95A7_2019-06-17_02-45-29_000_194,SAM_8586,SPECTRUM,RAW,,,2019-06-17 02:45:29,0,0,,,,,SAM Control,SAM_8586,No Mission,1,0,1,,DLAB_2018-04-12_09-33-02_217_812,DLAB_2018-04-12_15-39-16_217_235,4096,-1,0,+INF,0,65535,0,-NAN,$05 $00 Pixel,$03 $05 Intensity counts,$f0 $05 Error counts,$f1 $00 Status,14
204,1339,0,0,1,95A7_2019-06-17_02-45-29_000_194,SAM_8586,SPECTRUM,RAW,,,2019-06-17 02:45:29,0,0,,,,,SAM Control,SAM_8586,No Mission,1,0,1,,DLAB_2018-04-12_09-33-02_217_812,DLAB_2018-04-12_15-39-16_217_235,4096,-1,0,+INF,0,65535,0,-NAN,$05 $00 Pixel,$03 $05 Intensity counts,$f0 $05 Error counts,$f1 $00 Status,14
205,1335,0,0,1,95A7_2019-06-17_02-45-29_000_194,SAM_8586,SPECTRUM,RAW,,,2019-06-17 02:45:29,0,0,,,,,SAM Control,SAM_8586,No Mission,1,0,1,,DLAB_2018-04-12_09-33-02_217_812,DLAB_2018-04-12_15-39-16_217_235,4096,-1,0,+INF,0,65535,0,-NAN,$05 $00 Pixel,$03 $05 Intensity counts,$f0 $05 Error counts,$f1 $00 Status,14
206,1340,0,0,1,95A7_2019-06-17_02-45-29_000_194,SAM_8586,SPECTRUM,RAW,,,2019-06-17 02:45:29,0,0,,,,,SAM Control,SAM_8586,No Mission,1,0,1,,DLAB_2018-04-12_09-33-02_217_812,DLAB_2018-04-12_15-39-16_217_235,4096,-1,0,+INF,0,65535,0,-NAN,$05 $00 Pixel,$03 $05 Intensity counts,$f0 $05 Error counts,$f1 $00 Status,14
207,1336,0,0,1,95A7_2019-06-17_02-45-29_000_194,SAM_8586,SPECTRUM,RAW,,,2019-06-17 02:45:29,0,0,,,,,SAM Control,SAM_8586,No Mission,1,0,1,,DLAB_2018-04-12_09-33-02_217_812,DLAB_2018-04-12_15-39-16_217_235,4096,-1,0,+INF,0,65535,0,-NAN,$05 $00 Pixel,$03 $05 Intensity counts,$f0 $05 Error counts,$f1 $00 Status,14
208,1332,0,0,1,95A7_2019-06-17_02-45-29_000_194,SAM_8586,SPECTRUM,RAW,,,2019-06-17 02:45:29,0,0,,,,,SAM Control,SAM_8586,No Mission,1,0,1,,DLAB_2018-04-12_09-33-02_217_812,DLAB_2018-04-12_15-39-16_217_235,4096,-1,0,+INF,0,65535,0,-NAN,$05 $00 Pixel,$03 $05 Intensity counts,$f0 $05 Error counts,$f1 $00 Status,14
209,1337,0,0,1,95A7_2019-06-17_02-45-29_000_194,SAM_8586,SPECTRUM,RAW,,,2019-06-17 02:45:29,0,0,,,,,SAM Control,SAM_8586,No Mission,1,0,1,,DLAB_2018-04-12_09-33-02_217_812,DLAB_2018-04-12_15-39-16_217_235,4096,-1,0,+INF,0,65535,0,-NAN,$05 $00 Pixel,$03 $05 Intensity counts,$f0 $05 Error counts,$f1 $00 Status,14
210,1342,0,0,1,95A7_2019-06-17_02-45-29_000_194,SAM_8586,SPECTRUM,RAW,,,2019-06-17 02:45:29,0,0,,,,,SAM Control,SAM_8586,No Mission,1,0,1,,DLAB_2018-04-12_09-33-02_217_812,DLAB_2018-04-12_15-39-16_217_235,4096,-1,0,+INF,0,65535,0,-NAN,$05 $00 Pixel,$03 $05 Intensity counts,$f0 $05 Error counts,$f1 $00 Status,14
211,1335,0,0,1,95A7_2019-06-17_02-45-29_000_194,SAM_8586,SPECTRUM,RAW,,,2019-06-17 02:45:29,0,0,,,,,SAM Control,SAM_8586,No Mission,1,0,1,,DLAB_2018-04-12_09-33-02_217_812,DLAB_2018-04-12_15-39-16_217_235,4096,-1,0,+INF,0,65535,0,-NAN,$05 $00 Pixel,$03 $05 Intensity counts,$f0 $05 Error counts,$f1 $00 Status,14
212,1337,0,0,1,95A7_2019-06-17_02-45-29_000_194,SAM_8586,SPECTRUM,RAW,,,2019-06-17 02:45:29,0,0,,,,,SAM Control,SAM_8586,No Mission,1,0,1,,DLAB_2018-04-12_09-33-02_217_812,DLAB_2018-04-12_15-39-16_217_235,4096,-1,0,+INF,0,65535,0,-NAN,$05 $00 Pixel,$03 $05 Intensity counts,$f0 $05 Error counts,$f1 $00 Status,14
213,1334,0,0,1,95A7_2019-06-17_02-45-29_000_194,SAM_8586,SPECTRUM,RAW,,,2019-06-17 02:45:29,0,0,,,,,SAM Control,SAM_8586,No Mission,1,0,1,,DLAB_2018-04-12_09-33-02_217_812,DLAB_2018-04-12_15-39-16_217_235,4096,-1,0,+INF,0,65535,0,-NAN,$05 $00 Pixel,$03 $05 Intensity counts,$f0 $05 Error counts,$f1 $00 Status,14
214,1346,0,0,1,95A7_2019-06-17_02-45-29_000_194,SAM_8586,SPECTRUM,RAW,,,2019-06-17 02:45:29,0,0,,,,,SAM Control,SAM_8586,No Mission,1,0,1,,DLAB_2018-04-12_09-33-02_217_812,DLAB_2018-04-12_15-39-16_217_235,4096,-1,0,+INF,0,65535,0,-NAN,$05 $00 Pixel,$03 $05 Intensity counts,$f0 $05 Error counts,$f1 $00 Status,14
215,1331,0,0,1,95A7_2019-06-17_02-45-29_000_194,SAM_8586,SPECTRUM,RAW,,,2019-06-17 02:45:29,0,0,,,,,SAM Control,SAM_8586,No Mission,1,0,1,,DLAB_2018-04-12_09-33-02_217_812,DLAB_2018-04-12_15-39-16_217_235,4096,-1,0,+INF,0,65535,0,-NAN,$05 $00 Pixel,$03 $05 Intensity counts,$f0 $05 Error counts,$f1 $00 Status,14
216,1339,0,0,1,95A7_2019-06-17_02-45-29_000_194,SAM_8586,SPECTRUM,RAW,,,2019-06-17 02:45:29,0,0,,,,,SAM Control,SAM_8586,No Mission,1,0,1,,DLAB_2018-04-12_09-33-02_217_812,DLAB_2018-04-12_15-39-16_217_235,4096,-1,0,+INF,0,65535,0,-NAN,$05 $00 Pixel,$03 $05 Intensity counts,$f0 $05 Error counts,$f1 $00 Status,14
217,1339,0,0,1,95A7_2019-06-17_02-45-29_000_194,SAM_8586,SPECTRUM,RAW,,,2019-06-17 02:45:29,0,0,,,,,SAM Control,SAM_8586,No Mission,1,0,1,,DLAB_2018-04-12_09-33-02_217_812,DLAB_2018-04-12_15-39-16_217_235,4096,-1,0,+INF,0,65535,0,-NAN,$05 $00 Pixel,$03 $05 Intensity counts,$f0 $05 Error counts,$f1 $00 Status,14
218,1336,0,0,1,95A7_2019-06-17_02-45-29_000_194,SAM_8586,SPECTRUM,RAW,,,2019-06-17 02:45:29,0,0,,,,,SAM Control,SAM_8586,No Mission,1,0,1,,DLAB_2018-04-12_09-33-02_217_812,DLAB_2018-04-12_15-39-16_217_235,4096,-1,0,+INF,0,65535,0,-NAN,$05 $00 Pixel,$03 $05 Intensity counts,$f0 $05 Error counts,$f1 $00 Status,14
219,1336,0,0,1,95A7_2019-06-17_02-45-29_000_194,SAM_8586,SPECTRUM,RAW,,,2019-06-17 02:45:29,0,0,,,,,SAM Control,SAM_8586,No Mission,1,0,1,,DLAB_2018-04-12_09-33-02_217_812,DLAB_2018-04-12_15-39-16_217_235,4096,-1,0,+INF,0,65535,0,-NAN,$05 $00 Pixel,$03 $05 Intensity counts,$f0 $05 Error counts,$f1 $00 Status,14
220,1336,0,0,1,95A7_2019-06-17_02-45-29_000_194,SAM_8586,SPECTRUM,RAW,,,2019-06-17 02:45:29,0,0,,,,,SAM Control,SAM_8586,No Mission,1,0,1,,DLAB_2018-04-12_09-33-02_217_812,DLAB_2018-04-12_15-39-16_217_235,4096,-1,0,+INF,0,65535,0,-NAN,$05 $00 Pixel,$03 $05 Intensity counts,$f0 $05 Error counts,$f1 $00 Status,14
221,1332,0,0,1,95A7_2019-06-17_02-45-29_000_194,SAM_8586,SPECTRUM,RAW,,,2019-06-17 02:45:29,0,0,,,,,SAM Control,SAM_8586,No Mission,1,0,1,,DLAB_2018-04-12_09-33-02_217_812,DLAB_2018-04-12_15-39-16_217_235,4096,-1,0,+INF,0,65535,0,-NAN,$05 $00 Pixel,$03 $05 Intensity counts,$f0 $05 Error counts,$f1 $00 Status,14
222,1337,0,0,1,95A7_2019-06-17_02-45-29_000_194,SAM_8586,SPECTRUM,RAW,,,2019-06-17 02:45:29,0,0,,,,,SAM Control,SAM_8586,No Mission,1,0,1,,DLAB_2018-04-12_09-33-02_217_812,DLAB_2018-04-12_15-39-16_217_235,4096,-1,0,+INF,0,65535,0,-NAN,$05 $00 Pixel,$03 $05 Intensity counts,$f0 $05 Error counts,$f1 $00 Status,14
223,1331,0,0,1,95A7_2019-06-17_02-45-29_000_194,SAM_8586,SPECTRUM,RAW,,,2019-06-17 02:45:29,0,0,,,,,SAM Control,SAM_8586,No Mission,1,0,1,,DLAB_2018-04-12_09-33-02_217_812,DLAB_2018-04-12_15-39-16_217_235,4096,-1,0,+INF,0,65535,0,-NAN,$05 $00 Pixel,$03 $05 Intensity counts,$f0 $05 Error counts,$f1 $00 Status,14
224,1333,0,0,1,95A7_2019-06-17_02-45-29_000_194,SAM_8586,SPECTRUM,RAW,,,2019-06-17 02:45:29,0,0,,,,,SAM Control,SAM_8586,No Mission,1,0,1,,DLAB_2018-04-12_09-33-02_217_812,DLAB_2018-04-12_15-39-16_217_235,4096,-1,0,+INF,0,65535,0,-NAN,$05 $00 Pixel,$03 $05 Intensity counts,$f0 $05 Error counts,$f1 $00 Status,14
225,1334,0,0,1,95A7_2019-06-17_02-45-29_000_194,SAM_8586,SPECTRUM,RAW,,,2019-06-17 02:45:29,0,0,,,,,SAM Control,SAM_8586,No Mission,1,0,1,,DLAB_2018-04-12_09-33-02_217_812,DLAB_2018-04-12_15-39-16_217_235,4096,-1,0,+INF,0,65535,0,-NAN,$05 $00 Pixel,$03 $05 Intensity counts,$f0 $05 Error counts,$f1 $00 Status,14
226,1332,0,0,1,95A7_2019-06-17_02-45-29_000_194,SAM_8586,SPECTRUM,RAW,,,2019-06-17 02:45:29,0,0,,,,,SAM Control,SAM_8586,No Mission,1,0,1,,DLAB_2018-04-12_09-33-02_217_812,DLAB_2018-04-12_15-39-16_217_235,4096,-1,0,+INF,0,65535,0,-NAN,$05 $00 Pixel,$03 $05 Intensity counts,$f0 $05 Error counts,$f1 $00 Status,14
227,1335,0,0,1,95A7_2019-06-17_02-45-29_000_194,SAM_8586,SPECTRUM,RAW,,,2019-06-17 02:45:29,0,0,,,,,SAM Control,SAM_8586,No Mission,1,0,1,,DLAB_2018-04-12_09-33-02_217_812,DLAB_2018-04-12_15-39-16_217_235,4096,-1,0,+INF,0,65535,0,-NAN,$05 $00 Pixel,$03 $05 Intensity counts,$f0 $05 Error counts,$f1 $00 Status,14
228,1338,0,0,1,95A7_2019-06-17_02-45-29_000_194,SAM_8586,SPECTRUM,RAW,,,2019-06-17 02:45:29,0,0,,,,,SAM Control,SAM_8586,No Mission,1,0,1,,DLAB_2018-04-12_09-33-02_217_812,DLAB_2018-04-12_15-39-16_217_235,4096,-1,0,+INF,0,65535,0,-NAN,$05 $00 Pixel,$03 $05 Intensity counts,$f0 $05 Error counts,$f1 $00 Status,14
229,1336,0,0,1,95A7_2019-06-17_02-45-29_000_194,SAM_8586,SPECTRUM,RAW,,,2019-06-17 02:45:29,0,0,,,,,SAM Control,SAM_8586,No Mission,1,0,1,,DLAB_2018-04-12_09-33-02_217_812,DLAB_2018-04-12_15-39-16_217_235,4096,-1,0,+INF,0,65535,0,-NAN,$05 $00 Pixel,$03 $05 Intensity counts,$f0 $05 Error counts,$f1 $00 Status,14
230,1336,0,0,1,95A7_2019-06-17_02-45-29_000_194,SAM_8586,SPECTRUM,RAW,,,2019-06-17 02:45:29,0,0,,,,,SAM Control,SAM_8586,No Mission,1,0,1,,DLAB_2018-04-12_09-33-02_217_812,DLAB_2018-04-12_15-39-16_217_235,4096,-1,0,+INF,0,65535,0,-NAN,$05 $00 Pixel,$03 $05 Intensity counts,$f0 $05 Error counts,$f1 $00 Status,14
231,1338,0,0,1,95A7_2019-06-17_02-45-29_000_194,SAM_8586,SPECTRUM,RAW,,,2019-06-17 02:45:29,0,0,,,,,SAM Control,SAM_8586,No Mission,1,0,1,,DLAB_2018-04-12_09-33-02_217_812,DLAB_2018-04-12_15-39-16_217_235,4096,-1,0,+INF,0,65535,0,-NAN,$05 $00 Pixel,$03 $05 Intensity counts,$f0 $05 Error counts,$f1 $00 Status,14
232,1338,0,0,1,95A7_2019-06-17_02-45-29_000_194,SAM_8586,SPECTRUM,RAW,,,2019-06-17 02:45:29,0,0,,,,,SAM Control,SAM_8586,No Mission,1,0,1,,DLAB_2018-04-12_09-33-02_217_812,DLAB_2018-04-12_15-39-16_217_235,4096,-1,0,+INF,0,65535,0,-NAN,$05 $00 Pixel,$03 $05 Intensity counts,$f0 $05 Error counts,$f1 $00 Status,14
233,1336,0,0,1,95A7_2019-06-17_02-45-29_000_194,SAM_8586,SPECTRUM,RAW,,,2019-06-17 02:45:29,0,0,,,,,SAM Control,SAM_8586,No Mission,1,0,1,,DLAB_2018-04-12_09-33-02_217_812,DLAB_2018-04-12_15-39-16_217_235,4096,-1,0,+INF,0,65535,0,-NAN,$05 $00 Pixel,$03 $05 Intensity counts,$f0 $05 Error counts,$f1 $00 Status,14
234,1335,0,0,1,95A7_2019-06-17_02-45-29_000_194,SAM_8586,SPECTRUM,RAW,,,2019-06-17 02:45:29,0,0,,,,,SAM Control,SAM_8586,No Mission,1,0,1,,DLAB_2018-04-12_09-33-02_217_812,DLAB_2018-04-12_15-39-16_217_235,4096,-1,0,+INF,0,65535,0,-NAN,$05 $00 Pixel,$03 $05 Intensity counts,$f0 $05 Error counts,$f1 $00 Status,14
235,1335,0,0,1,95A7_2019-06-17_02-45-29_000_194,SAM_8586,SPECTRUM,RAW,,,2019-06-17 02:45:29,0,0,,,,,SAM Control,SAM_8586,No Mission,1,0,1,,DLAB_2018-04-12_09-33-02_217_812,DLAB_2018-04-12_15-39-16_217_235,4096,-1,0,+INF,0,65535,0,-NAN,$05 $00 Pixel,$03 $05 Intensity counts,$f0 $05 Error counts,$f1 $00 Status,14
236,1344,0,0,1,95A7_2019-06-17_02-45-29_000_194,SAM_8586,SPECTRUM,RAW,,,2019-06-17 02:45:29,0,0,,,,,SAM Control,SAM_8586,No Mission,1,0,1,,DLAB_2018-04-12_09-33-02_217_812,DLAB_2018-04-12_15-39-16_217_235,4096,-1,0,+INF,0,65535,0,-NAN,$05 $00 Pixel,$03 $05 Intensity counts,$f0 $05 Error counts,$f1 $00 Status,14
237,1332,0,0,1,95A7_2019-06-17_02-45-29_000_194,SAM_8586,SPECTRUM,RAW,,,2019-06-17 02:45:29,0,0,,,,,SAM Control,SAM_8586,No Mission,1,0,1,,DLAB_2018-04-12_09-33-02_217_812,DLAB_2018-04-12_15-39-16_217_235,4096,-1,0,+INF,0,65535,0,-NAN,$05 $00 Pixel,$03 $05 Intensity counts,$f0 $05 Error counts,$f1 $00 Status,14
238,1341,0,0,1,95A7_2019-06-17_02-45-29_000_194,SAM_8586,SPECTRUM,RAW,,,2019-06-17 02:45:29,0,0,,,,,SAM Control,SAM_8586,No Mission,1,0,1,,DLAB_2018-04-12_09-33-02_217_812,DLAB_2018-04-12_15-39-16_217_235,4096,-1,0,+INF,0,65535,0,-NAN,$05 $00 Pixel,$03 $05 Intensity counts,$f0 $05 Error counts,$f1 $00 Status,14
239,1334,0,0,1,95A7_2019-06-17_02-45-29_000_194,SAM_8586,SPECTRUM,RAW,,,2019-06-17 02:45:29,0,0,,,,,SAM Control,SAM_8586,No Mission,1,0,1,,DLAB_2018-04-12_09-33-02_217_812,DLAB_2018-04-12_15-39-16_217_235,4096,-1,0,+INF,0,65535,0,-NAN,$05 $00 Pixel,$03 $05 Intensity counts,$f0 $05 Error counts,$f1 $00 Status,14
240,1338,0,0,1,95A7_2019-06-17_02-45-29_000_194,SAM_8586,SPECTRUM,RAW,,,2019-06-17 02:45:29,0,0,,,,,SAM Control,SAM_8586,No Mission,1,0,1,,DLAB_2018-04-12_09-33-02_217_812,DLAB_2018-04-12_15-39-16_217_235,4096,-1,0,+INF,0,65535,0,-NAN,$05 $00 Pixel,$03 $05 Intensity counts,$f0 $05 Error counts,$f1 $00 Status,14
241,1350,0,0,1,95A7_2019-06-17_02-45-29_000_194,SAM_8586,SPECTRUM,RAW,,,2019-06-17 02:45:29,0,0,,,,,SAM Control,SAM_8586,No Mission,1,0,1,,DLAB_2018-04-12_09-33-02_217_812,DLAB_2018-04-12_15-39-16_217_235,4096,-1,0,+INF,0,65535,0,-NAN,$05 $00 Pixel,$03 $05 Intensity counts,$f0 $05 Error counts,$f1 $00 Status,14
242,1362,0,0,1,95A7_2019-06-17_02-45-29_000_194,SAM_8586,SPECTRUM,RAW,,,2019-06-17 02:45:29,0,0,,,,,SAM Control,SAM_8586,No Mission,1,0,1,,DLAB_2018-04-12_09-33-02_217_812,DLAB_2018-04-12_15-39-16_217_235,4096,-1,0,+INF,0,65535,0,-NAN,$05 $00 Pixel,$03 $05 Intensity counts,$f0 $05 Error counts,$f1 $00 Status,14
243,1362,0,0,1,95A7_2019-06-17_02-45-29_000_194,SAM_8586,SPECTRUM,RAW,,,2019-06-17 02:45:29,0,0,,,,,SAM Control,SAM_8586,No Mission,1,0,1,,DLAB_2018-04-12_09-33-02_217_812,DLAB_2018-04-12_15-39-16_217_235,4096,-1,0,+INF,0,65535,0,-NAN,$05 $00 Pixel,$03 $05 Intensity counts,$f0 $05 Error counts,$f1 $00 Status,14
244,1358,0,0,1,95A7_2019-06-17_02-45-29_000_194,SAM_8586,SPECTRUM,RAW,,,2019-06-17 02:45:29,0,0,,,,,SAM Control,SAM_8586,No Mission,1,0,1,,DLAB_2018-04-12_09-33-02_217_812,DLAB_2018-04-12_15-39-16_217_235,4096,-1,0,+INF,0,65535,0,-NAN,$05 $00 Pixel,$03 $05 Intensity counts,$f0 $05 Error counts,$f1 $00 Status,14
245,1355,0,0,1,95A7_2019-06-17_02-45-29_000_194,SAM_8586,SPECTRUM,RAW,,,2019-06-17 02:45:29,0,0,,,,,SAM Control,SAM_8586,No Mission,1,0,1,,DLAB_2018-04-12_09-33-02_217_812,DLAB_2018-04-12_15-39-16_217_235,4096,-1,0,+INF,0,65535,0,-NAN,$05 $00 Pixel,$03 $05 Intensity counts,$f0 $05 Error counts,$f1 $00 Status,14
246,1357,0,0,1,95A7_2019-06-17_02-45-29_000_194,SAM_8586,SPECTRUM,RAW,,,2019-06-17 02:45:29,0,0,,,,,SAM Control,SAM_8586,No Mission,1,0,1,,DLAB_2018-04-12_09-33-02_217_812,DLAB_2018-04-12_15-39-16_217_235,4096,-1,0,+INF,0,65535,0,-NAN,$05 $00 Pixel,$03 $05 Intensity counts,$f0 $05 Error counts,$f1 $00 Status,14
247,1356,0,0,1,95A7_2019-06-17_02-45-29_000_194,SAM_8586,SPECTRUM,RAW,,,2019-06-17 02:45:29,0,0,,,,,SAM Control,SAM_8586,No Mission,1,0,1,,DLAB_2018-04-12_09-33-02_217_812,DLAB_2018-04-12_15-39-16_217_235,4096,-1,0,+INF,0,65535,0,-NAN,$05 $00 Pixel,$03 $05 Intensity counts,$f0 $05 Error counts,$f1 $00 Status,14
248,1351,0,0,1,95A7_2019-06-17_02-45-29_000_194,SAM_8586,SPECTRUM,RAW,,,2019-06-17 02:45:29,0,0,,,,,SAM Control,SAM_8586,No Mission,1,0,1,,DLAB_2018-04-12_09-33-02_217_812,DLAB_2018-04-12_15-39-16_217_235,4096,-1,0,+INF,0,65535,0,-NAN,$05 $00 Pixel,$03 $05 Intensity counts,$f0 $05 Error counts,$f1 $00 Status,14
249,1348,0,0,1,95A7_2019-06-17_02-45-29_000_194,SAM_8586,SPECTRUM,RAW,,,2019-06-17 02:45:29,0,0,,,,,SAM Control,SAM_8586,No Mission,1,0,1,,DLAB_2018-04-12_09-33-02_217_812,DLAB_2018-04-12_15-39-16_217_235,4096,-1,0,+INF,0,65535,0,-NAN,$05 $00 Pixel,$03 $05 Intensity counts,$f0 $05 Error counts,$f1 $00 Status,14
250,1356,0,0,1,95A7_2019-06-17_02-45-29_000_194,SAM_8586,SPECTRUM,RAW,,,2019-06-17 02:45:29,0,0,,,,,SAM Control,SAM_8586,No Mission,1,0,1,,DLAB_2018-04-12_09-33-02_217_812,DLAB_2018-04-12_15-39-16_217_235,4096,-1,0,+INF,0,65535,0,-NAN,$05 $00 Pixel,$03 $05 Intensity counts,$f0 $05 Error counts,$f1 $00 Status,14
251,1348,0,0,1,95A7_2019-06-17_02-45-29_000_194,SAM_8586,SPECTRUM,RAW,,,2019-06-17 02:45:29,0,0,,,,,SAM Control,SAM_8586,No Mission,1,0,1,,DLAB_2018-04-12_09-33-02_217_812,DLAB_2018-04-12_15-39-16_217_235,4096,-1,0,+INF,0,65535,0,-NAN,$05 $00 Pixel,$03 $05 Intensity counts,$f0 $05 Error counts,$f1 $00 Status,14
252,1349,0,0,1,95A7_2019-06-17_02-45-29_000_194,SAM_8586,SPECTRUM,RAW,,,2019-06-17 02:45:29,0,0,,,,,SAM Control,SAM_8586,No Mission,1,0,1,,DLAB_2018-04-12_09-33-02_217_812,DLAB_2018-04-12_15-39-16_217_235,4096,-1,0,+INF,0,65535,0,-NAN,$05 $00 Pixel,$03 $05 Intensity counts,$f0 $05 Error counts,$f1 $00 Status,14
253,1352,0,0,1,95A7_2019-06-17_02-45-29_000_194,SAM_8586,SPECTRUM,RAW,,,2019-06-17 02:45:29,0,0,,,,,SAM Control,SAM_8586,No Mission,1,0,1,,DLAB_2018-04-12_09-33-02_217_812,DLAB_2018-04-12_15-39-16_217_235,4096,-1,0,+INF,0,65535,0,-NAN,$05 $00 Pixel,$03 $05 Intensity counts,$f0 $05 Error counts,$f1 $00 Status,14
254,1352,0,0,1,95A7_2019-06-17_02-45-29_000_194,SAM_8586,SPECTRUM,RAW,,,2019-06-17 02:45:29,0,0,,,,,SAM Control,SAM_8586,No Mission,1,0,1,,DLAB_2018-04-12_09-33-02_217_812,DLAB_2018-04-12_15-39-16_217_235,4096,-1,0,+INF,0,65535,0,-NAN,$05 $00 Pixel,$03 $05 Intensity counts,$f0 $05 Error counts,$f1 $00 Status,14
255,1406,0,0,1,95A7_2019-06-17_02-45-29_000_194,SAM_8586,SPECTRUM,RAW,,,2019-06-17 02:45:29,0,0,,,,,SAM Control,SAM_8586,No Mission,1,0,1,,DLAB_2018-04-12_09-33-02_217_812,DLAB_2018-04-12_15-39-16_217_235,4096,-1,0,+INF,0,65535,0,-NAN,$05 $00 Pixel,$03 $05 Intensity counts,$f0 $05 Error counts,$f1 $00 Status,14
