wavelength,intensity,error,status,Version,IDData,IDDevice,IDDataType,IDDataTypeSub1,IDDataTypeSub2,IDDataTypeSub3,DateTime,PositionLatitude,PositionLongitude,Comment,CommentSub1,CommentSub2,CommentSub3,IDMethodType,MethodName,Mission,MissionSub,RecordType,CalFactor,IDBasisSpec,IDDataBack,IDDataCal,IntegrationTime,P31,P31e,PathLength,PathLengthCustomOn,RAWDynamic,Salinity,Temperature,Unit1,Unit2,Unit3,Unit4,p999
1,1351,0,0,1,95A7_2019-06-16_14-45-50_000_330,SAM_8586,SPECTRUM,RAW,,,2019-06-16 14:45:50,0,0,,,,,SAM Control,SAM_8586,No Mission,1,0,1,,DLAB_2018-04-12_09-33-02_217_812,DLAB_2018-04-12_15-39-16_217_235,2048,-1,0,+INF,0,65535,0,-NAN,$05 $00 Pixel,$03 $05 Intensity counts,$f0 $05 Error counts,$f1 $00 Status,24
2,1341,0,0,1,95A7_2019-06-16_14-45-50_000_330,SAM_8586,SPECTRUM,RAW,,,2019-06-16 14:45:50,0,0,,,,,SAM Control,SAM_8586,No Mission,1,0,1,,DLAB_2018-04-12_09-33-02_217_812,DLAB_2018-04-12_15-39-16_217_235,2048,-1,0,+INF,0,65535,0,-NAN,$05 $00 Pixel,$03 $05 Intensity counts,$f0 $05 Error counts,$f1 $00 Status,24
3,1352,0,0,1,95A7_2019-06-16_14-45-50_000_330,SAM_8586,SPECTRUM,RAW,,,2019-06-16 14:45:50,0,0,,,,,SAM Control,SAM_8586,No Mission,1,0,1,,DLAB_2018-04-12_09-33-02_217_812,DLAB_2018-04-12_15-39-16_217_235,2048,-1,0,+INF,0,65535,0,-NAN,$05 $00 Pixel,$03 $05 Intensity counts,$f0 $05 Error counts,$f1 $00 Status,24
4,1361,0,0,1,95A7_2019-06-16_14-45-50_000_330,SAM_8586,SPECTRUM,RAW,,,2019-06-16 14:45:50,0,0,,,,,SAM Control,SAM_8586,No Mission,1,0,1,,DLAB_2018-04-12_09-33-02_217_812,DLAB_2018-04-12_15-39-16_217_235,2048,-1,0,+INF,0,65535,0,-NAN,$05 $00 Pixel,$03 $05 Intensity counts,$f0 $05 Error counts,$f1 $00 Status,24
5,1368,0,0,1,95A7_2019-06-16_14-45-50_000_330,SAM_8586,SPECTRUM,RAW,,,2019-06-16 14:45:50,0,0,,,,,SAM Control,SAM_8586,No Mission,1,0,1,,DLAB_2018-04-12_09-33-02_217_812,DLAB_2018-04-12_15-39-16_217_235,2048,-1,0,+INF,0,65535,0,-NAN,$05 $00 Pixel,$03 $05 Intensity counts,$f0 $05 Error counts,$f1 $00 Status,24
6,1398,0,0,1,95A7_2019-06-16_14-45-50_000_330,SAM_8586,SPECTRUM,RAW,,,2019-06-16 14:45:50,0,0,,,,,SAM Control,SAM_8586,No Mission,1,0,1,,DLAB_2018-04-12_09-33-02_217_812,DLAB_2018-04-12_15-39-16_217_235,2048,-1,0,+INF,0,65535,0,-NAN,$05 $00 Pixel,$03 $05 Intensity counts,$f0 $05 Error counts,$f1 $00 Status,24
7,1409,0,0,1,95A7_2019-06-16_14-45-50_000_330,SAM_8586,SPECTRUM,RAW,,,2019-06-16 14:45:50,0,0,,,,,SAM Control,SAM_8586,No Mission,1,0,1,,DLAB_2018-04-12_09-33-02_217_812,DLAB_2018-04-12_15-39-16_217_235,2048,-1,0,+INF,0,65535,0,-NAN,$05 $00 Pixel,$03 $05 Intensity counts,$f0 $05 Error counts,$f1 $00 Status,24
8,1447,0,0,1,95A7_2019-06-16_14-45-50_000_330,SAM_8586,SPECTRUM,RAW,,,2019-06-16 14:45:50,0,0,,,,,SAM Control,SAM_8586,No Mission,1,0,1,,DLAB_2018-04-12_09-33-02_217_812,DLAB_2018-04-12_15-39-16_217_235,2048,-1,0,+INF,0,65535,0,-NAN,$05 $00 Pixel,$03 $05 Intensity counts,$f0 $05 Error counts,$f1 $00 Status,24
9,1483,0,0,1,95A7_2019-06-16_14-45-50_000_330,SAM_8586,SPECTRUM,RAW,,,2019-06-16 14:45:50,0,0,,,,,SAM Control,SAM_8586,No Mission,1,0,1,,DLAB_2018-04-12_09-33-02_217_812,DLAB_2018-04-12_15-39-16_217_235,2048,-1,0,+INF,0,65535,0,-NAN,$05 $00 Pixel,$03 $05 Intensity counts,$f0 $05 Error counts,$f1 $00 Status,24
10,1538,0,0,1,95A7_2019-06-16_14-45-50_000_330,SAM_8586,SPECTRUM,RAW,,,2019-06-16 14:45:50,0,0,,,,,SAM Control,SAM_8586,No Mission,1,0,1,,DLAB_2018-04-12_09-33-02_217_812,DLAB_2018-04-12_15-39-16_217_235,2048,-1,0,+INF,0,65535,0,-NAN,$05 $00 Pixel,$03 $05 Intensity counts,$f0 $05 Error counts,$f1 $00 Status,24
11,1610,0,0,1,95A7_2019-06-16_14-45-50_000_330,SAM_8586,SPECTRUM,RAW,,,2019-06-16 14:45:50,0,0,,,,,SAM Control,SAM_8586,No Mission,1,0,1,,DLAB_2018-04-12_09-33-02_217_812,DLAB_2018-04-12_15-39-16_217_235,2048,-1,0,+INF,0,65535,0,-NAN,$05 $00 Pixel,$03 $05 Intensity counts,$f0 $05 Error counts,$f1 $00 Status,24
12,1735,0,0,1,95A7_2019-06-16_14-45-50_000_330,SAM_8586,SPECTRUM,RAW,,,2019-06-16 14:45:50,0,0,,,,,SAM Control,SAM_8586,No Mission,1,0,1,,DLAB_2018-04-12_09-33-02_217_812,DLAB_2018-04-12_15-39-16_217_235,2048,-1,0,+INF,0,65535,0,-NAN,$05 $00 Pixel,$03 $05 Intensity counts,$f0 $05 Error counts,$f1 $00 Status,24
13,1900,0,0,1,95A7_2019-06-16_14-45-50_000_330,SAM_8586,SPECTRUM,RAW,,,2019-06-16 14:45:50,0,0,,,,,SAM Control,SAM_8586,No Mission,1,0,1,,DLAB_2018-04-12_09-33-02_217_812,DLAB_2018-04-12_15-39-16_217_235,2048,-1,0,+INF,0,65535,0,-NAN,$05 $00 Pixel,$03 $05 Intensity counts,$f0 $05 Error counts,$f1 $00 Status,24
14,2074,0,0,1,95A7_2019-06-16_14-45-50_000_330,SAM_8586,SPECTRUM,RAW,,,2019-06-16 14:45:50,0,0,,,,,SAM Control,SAM_8586,No Mission,1,0,1,,DLAB_2018-04-12_09-33-02_217_812,DLAB_2018-04-12_15-39-16_217_235,2048,-1,0,+INF,0,65535,0,-NAN,$05 $00 Pixel,$03 $05 Intensity counts,$f0 $05 Error counts,$f1 $00 Status,24
15,2204,0,0,1,95A7_2019-06-16_14-45-50_000_330,SAM_8586,SPECTRUM,RAW,,,2019-06-16 14:45:50,0,0,,,,,SAM Control,SAM_8586,No Mission,1,0,1,,DLAB_2018-04-12_09-33-02_217_812,DLAB_2018-04-12_15-39-16_217_235,2048,-1,0,+INF,0,65535,0,-NAN,$05 $00 Pixel,$03 $05 Intensity counts,$f0 $05 Error counts,$f1 $00 Status,24
16,2331,0,0,1,95A7_2019-06-16_14-45-50_000_330,SAM_8586,SPECTRUM,RAW,,,2019-06-16 14:45:50,0,0,,,,,SAM Control,SAM_8586,No Mission,1,0,1,,DLAB_2018-04-12_09-33-02_217_812,DLAB_2018-04-12_15-39-16_217_235,2048,-1,0,+INF,0,65535,0,-NAN,$05 $00 Pixel,$03 $05 Intensity counts,$f0 $05 Error counts,$f1 $00 Status,24
17,2481,0,0,1,95A7_2019-06-16_14-45-50_000_330,SAM_8586,SPECTRUM,RAW,,,2019-06-16 14:45:50,0,0,,,,,SAM Control,SAM_8586,No Mission,1,0,1,,DLAB_2018-04-12_09-33-02_217_812,DLAB_2018-04-12_15-39-16_217_235,2048,-1,0,+INF,0,65535,0,-NAN,$05 $00 Pixel,$03 $05 Intensity counts,$f0 $05 Error counts,$f1 $00 Status,24
18,2614,0,0,1,95A7_2019-06-16_14-45-50_000_330,SAM_8586,SPECTRUM,RAW,,,2019-06-16 14:45:50,0,0,,,,,SAM Control,SAM_8586,No Mission,1,0,1,,DLAB_2018-04-12_09-33-02_217_812,DLAB_2018-04-12_15-39-16_217_235,2048,-1,0,+INF,0,65535,0,-NAN,$05 $00 Pixel,$03 $05 Intensity counts,$f0 $05 Error counts,$f1 $00 Status,24
19,2633,0,0,1,95A7_2019-06-16_14-45-50_000_330,SAM_8586,SPECTRUM,RAW,,,2019-06-16 14:45:50,0,0,,,,,SAM Control,SAM_8586,No Mission,1,0,1,,DLAB_2018-04-12_09-33-02_217_812,DLAB_2018-04-12_15-39-16_217_235,2048,-1,0,+INF,0,65535,0,-NAN,$05 $00 Pixel,$03 $05 Intensity counts,$f0 $05 Error counts,$f1 $00 Status,24
20,2642,0,0,1,95A7_2019-06-16_14-45-50_000_330,SAM_8586,SPECTRUM,RAW,,,2019-06-16 14:45:50,0,0,,,,,SAM Control,SAM_8586,No Mission,1,0,1,,DLAB_2018-04-12_09-33-02_217_812,DLAB_2018-04-12_15-39-16_217_235,2048,-1,0,+INF,0,65535,0,-NAN,$05 $00 Pixel,$03 $05 Intensity counts,$f0 $05 Error counts,$f1 $00 Status,24
21,2684,0,0,1,95A7_2019-06-16_14-45-50_000_330,SAM_8586,SPECTRUM,RAW,,,2019-06-16 14:45:50,0,0,,,,,SAM Control,SAM_8586,No Mission,1,0,1,,DLAB_2018-04-12_09-33-02_217_812,DLAB_2018-04-12_15-39-16_217_235,2048,-1,0,+INF,0,65535,0,-NAN,$05 $00 Pixel,$03 $05 Intensity counts,$f0 $05 Error counts,$f1 $00 Status,24
22,2722,0,0,1,95A7_2019-06-16_14-45-50_000_330,SAM_8586,SPECTRUM,RAW,,,2019-06-16 14:45:50,0,0,,,,,SAM Control,SAM_8586,No Mission,1,0,1,,DLAB_2018-04-12_09-33-02_217_812,DLAB_2018-04-12_15-39-16_217_235,2048,-1,0,+INF,0,65535,0,-NAN,$05 $00 Pixel,$03 $05 Intensity counts,$f0 $05 Error counts,$f1 $00 Status,24
23,2734,0,0,1,95A7_2019-06-16_14-45-50_000_330,SAM_8586,SPECTRUM,RAW,,,2019-06-16 14:45:50,0,0,,,,,SAM Control,SAM_8586,No Mission,1,0,1,,DLAB_2018-04-12_09-33-02_217_812,DLAB_2018-04-12_15-39-16_217_235,2048,-1,0,+INF,0,65535,0,-NAN,$05 $00 Pixel,$03 $05 Intensity counts,$f0 $05 Error counts,$f1 $00 Status,24
24,2900,0,0,1,95A7_2019-06-16_14-45-50_000_330,SAM_8586,SPECTRUM,RAW,,,2019-06-16 14:45:50,0,0,,,,,SAM Control,SAM_8586,No Mission,1,0,1,,DLAB_2018-04-12_09-33-02_217_812,DLAB_2018-04-12_15-39-16_217_235,2048,-1,0,+INF,0,65535,0,-NAN,$05 $00 Pixel,$03 $05 Intensity counts,$f0 $05 Error counts,$f1 $00 Status,24
25,3120,0,0,1,95A7_2019-06-16_14-45-50_000_330,SAM_8586,SPECTRUM,RAW,,,2019-06-16 14:45:50,0,0,,,,,SAM Control,SAM_8586,No Mission,1,0,1,,DLAB_2018-04-12_09-33-02_217_812,DLAB_2018-04-12_15-39-16_217_235,2048,-1,0,+INF,0,65535,0,-NAN,$05 $00 Pixel,$03 $05 Intensity counts,$f0 $05 Error counts,$f1 $00 Status,24
26,3374,0,0,1,95A7_2019-06-16_14-45-50_000_330,SAM_8586,SPECTRUM,RAW,,,2019-06-16 14:45:50,0,0,,,,,SAM Control,SAM_8586,No Mission,1,0,1,,DLAB_2018-04-12_09-33-02_217_812,DLAB_2018-04-12_15-39-16_217_235,2048,-1,0,+INF,0,65535,0,-NAN,$05 $00 Pixel,$03 $05 Intensity counts,$f0 $05 Error counts,$f1 $00 Status,24
27,3917,0,0,1,95A7_2019-06-16_14-45-50_000_330,SAM_8586,SPECTRUM,RAW,,,2019-06-16 14:45:50,0,0,,,,,SAM Control,SAM_8586,No Mission,1,0,1,,DLAB_2018-04-12_09-33-02_217_812,DLAB_2018-04-12_15-39-16_217_235,2048,-1,0,+INF,0,65535,0,-NAN,$05 $00 Pixel,$03 $05 Intensity counts,$f0 $05 Error counts,$f1 $00 Status,24
28,4741,0,0,1,95A7_2019-06-16_14-45-50_000_330,SAM_8586,SPECTRUM,RAW,,,2019-06-16 14:45:50,0,0,,,,,SAM Control,SAM_8586,No Mission,1,0,1,,DLAB_2018-04-12_09-33-02_217_812,DLAB_2018-04-12_15-39-16_217_235,2048,-1,0,+INF,0,65535,0,-NAN,$05 $00 Pixel,$03 $05 Intensity counts,$f0 $05 Error counts,$f1 $00 Status,24
29,5437,0,0,1,95A7_2019-06-16_14-45-50_000_330,SAM_8586,SPECTRUM,RAW,,,2019-06-16 14:45:50,0,0,,,,,SAM Control,SAM_8586,No Mission,1,0,1,,DLAB_2018-04-12_09-33-02_217_812,DLAB_2018-04-12_15-39-16_217_235,2048,-1,0,+INF,0,65535,0,-NAN,$05 $00 Pixel,$03 $05 Intensity counts,$f0 $05 Error counts,$f1 $00 Status,24
30,5878,0,0,1,95A7_2019-06-16_14-45-50_000_330,SAM_8586,SPECTRUM,RAW,,,2019-06-16 14:45:50,0,0,,,,,SAM Control,SAM_8586,No Mission,1,0,1,,DLAB_2018-04-12_09-33-02_217_812,DLAB_2018-04-12_15-39-16_217_235,2048,-1,0,+INF,0,65535,0,-NAN,$05 $00 Pixel,$03 $05 Intensity counts,$f0 $05 Error counts,$f1 $00 Status,24
31,6339,0,0,1,95A7_2019-06-16_14-45-50_000_330,SAM_8586,SPECTRUM,RAW,,,2019-06-16 14:45:50,0,0,,,,,SAM Control,SAM_8586,No Mission,1,0,1,,DLAB_2018-04-12_09-33-02_217_812,DLAB_2018-04-12_15-39-16_217_235,2048,-1,0,+INF,0,65535,0,-NAN,$05 $00 Pixel,$03 $05 Intensity counts,$f0 $05 Error counts,$f1 $00 Status,24
32,6864,0,0,1,95A7_2019-06-16_14-45-50_000_330,SAM_8586,SPECTRUM,RAW,,,2019-06-16 14:45:50,0,0,,,,,SAM Control,SAM_8586,No Mission,1,0,1,,DLAB_2018-04-12_09-33-02_217_812,DLAB_2018-04-12_15-39-16_217_235,2048,-1,0,+INF,0,65535,0,-NAN,$05 $00 Pixel,$03 $05 Intensity counts,$f0 $05 Error counts,$f1 $00 Status,24
33,7386,0,0,1,95A7_2019-06-16_14-45-50_000_330,SAM_8586,SPECTRUM,RAW,,,2019-06-16 14:45:50,0,0,,,,,SAM Control,SAM_8586,No Mission,1,0,1,,DLAB_2018-04-12_09-33-02_217_812,DLAB_2018-04-12_15-39-16_217_235,2048,-1,0,+INF,0,65535,0,-NAN,$05 $00 Pixel,$03 $05 Intensity counts,$f0 $05 Error counts,$f1 $00 Status,24
34,7887,0,0,1,95A7_2019-06-16_14-45-50_000_330,SAM_8586,SPECTRUM,RAW,,,2019-06-16 14:45:50,0,0,,,,,SAM Control,SAM_8586,No Mission,1,0,1,,DLAB_2018-04-12_09-33-02_217_812,DLAB_2018-04-12_15-39-16_217_235,2048,-1,0,+INF,0,65535,0,-NAN,$05 $00 Pixel,$03 $05 Intensity counts,$f0 $05 Error counts,$f1 $00 Status,24
35,8296,0,0,1,95A7_2019-06-16_14-45-50_000_330,SAM_8586,SPECTRUM,RAW,,,2019-06-16 14:45:50,0,0,,,,,SAM Control,SAM_8586,No Mission,1,0,1,,DLAB_2018-04-12_09-33-02_217_812,DLAB_2018-04-12_15-39-16_217_235,2048,-1,0,+INF,0,65535,0,-NAN,$05 $00 Pixel,$03 $05 Intensity counts,$f0 $05 Error counts,$f1 $00 Status,24
36,8505,0,0,1,95A7_2019-06-16_14-45-50_000_330,SAM_8586,SPECTRUM,RAW,,,2019-06-16 14:45:50,0,0,,,,,SAM Control,SAM_8586,No Mission,1,0,1,,DLAB_2018-04-12_09-33-02_217_812,DLAB_2018-04-12_15-39-16_217_235,2048,-1,0,+INF,0,65535,0,-NAN,$05 $00 Pixel,$03 $05 Intensity counts,$f0 $05 Error counts,$f1 $00 Status,24
37,8769,0,0,1,95A7_2019-06-16_14-45-50_000_330,SAM_8586,SPECTRUM,RAW,,,2019-06-16 14:45:50,0,0,,,,,SAM Control,SAM_8586,No Mission,1,0,1,,DLAB_2018-04-12_09-33-02_217_812,DLAB_2018-04-12_15-39-16_217_235,2048,-1,0,+INF,0,65535,0,-NAN,$05 $00 Pixel,$03 $05 Intensity counts,$f0 $05 Error counts,$f1 $00 Status,24
38,9397,0,0,1,95A7_2019-06-16_14-45-50_000_330,SAM_8586,SPECTRUM,RAW,,,2019-06-16 14:45:50,0,0,,,,,SAM Control,SAM_8586,No Mission,1,0,1,,DLAB_2018-04-12_09-33-02_217_812,DLAB_2018-04-12_15-39-16_217_235,2048,-1,0,+INF,0,65535,0,-NAN,$05 $00 Pixel,$03 $05 Intensity counts,$f0 $05 Error counts,$f1 $00 Status,24
39,10193,0,0,1,95A7_2019-06-16_14-45-50_000_330,SAM_8586,SPECTRUM,RAW,,,2019-06-16 14:45:50,0,0,,,,,SAM Control,SAM_8586,No Mission,1,0,1,,DLAB_2018-04-12_09-33-02_217_812,DLAB_2018-04-12_15-39-16_217_235,2048,-1,0,+INF,0,65535,0,-NAN,$05 $00 Pixel,$03 $05 Intensity counts,$f0 $05 Error counts,$f1 $00 Status,24
40,11043,0,0,1,95A7_2019-06-16_14-45-50_000_330,SAM_8586,SPECTRUM,RAW,,,2019-06-16 14:45:50,0,0,,,,,SAM Control,SAM_8586,No Mission,1,0,1,,DLAB_2018-04-12_09-33-02_217_812,DLAB_2018-04-12_15-39-16_217_235,2048,-1,0,+INF,0,65535,0,-NAN,$05 $00 Pixel,$03 $05 Intensity counts,$f0 $05 Error counts,$f1 $00 Status,24
41,11986,0,0,1,95A7_2019-06-16_14-45-50_000_330,SAM_8586,SPECTRUM,RAW,,,2019-06-16 14:45:50,0,0,,,,,SAM Control,SAM_8586,No Mission,1,0,1,,DLAB_2018-04-12_09-33-02_217_812,DLAB_2018-04-12_15-39-16_217_235,2048,-1,0,+INF,0,65535,0,-NAN,$05 $00 Pixel,$03 $05 Intensity counts,$f0 $05 Error counts,$f1 $00 Status,24
42,12994,0,0,1,95A7_2019-06-16_14-45-50_000_330,SAM_8586,SPECTRUM,RAW,,,2019-06-16 14:45:50,0,0,,,,,SAM Control,SAM_8586,No Mission,1,0,1,,DLAB_2018-04-12_09-33-02_217_812,DLAB_2018-04-12_15-39-16_217_235,2048,-1,0,+INF,0,65535,0,-NAN,$05 $00 Pixel,$03 $05 Intensity counts,$f0 $05 Error counts,$f1 $00 Status,24
43,13817,0,0,1,95A7_2019-06-16_14-45-50_000_330,SAM_8586,SPECTRUM,RAW,,,2019-06-16 14:45:50,0,0,,,,,SAM Control,SAM_8586,No Mission,1,0,1,,DLAB_2018-04-12_09-33-02_217_812,DLAB_2018-04-12_15-39-16_217_235,2048,-1,0,+INF,0,65535,0,-NAN,$05 $00 Pixel,$03 $05 Intensity counts,$f0 $05 Error counts,$f1 $00 Status,24
44,14363,0,0,1,95A7_2019-06-16_14-45-50_000_330,SAM_8586,SPECTRUM,RAW,,,2019-06-16 14:45:50,0,0,,,,,SAM Control,SAM_8586,No Mission,1,0,1,,DLAB_2018-04-12_09-33-02_217_812,DLAB_2018-04-12_15-39-16_217_235,2048,-1,0,+INF,0,65535,0,-NAN,$05 $00 Pixel,$03 $05 Intensity counts,$f0 $05 Error counts,$f1 $00 Status,24
45,14775,0,0,1,95A7_2019-06-16_14-45-50_000_330,SAM_8586,SPECTRUM,RAW,,,2019-06-16 14:45:50,0,0,,,,,SAM Control,SAM_8586,No Mission,1,0,1,,DLAB_2018-04-12_09-33-02_217_812,DLAB_2018-04-12_15-39-16_217_235,2048,-1,0,+INF,0,65535,0,-NAN,$05 $00 Pixel,$03 $05 Intensity counts,$f0 $05 Error counts,$f1 $00 Status,24
46,15182,0,0,1,95A7_2019-06-16_14-45-50_000_330,SAM_8586,SPECTRUM,RAW,,,2019-06-16 14:45:50,0,0,,,,,SAM Control,SAM_8586,No Mission,1,0,1,,DLAB_2018-04-12_09-33-02_217_812,DLAB_2018-04-12_15-39-16_217_235,2048,-1,0,+INF,0,65535,0,-NAN,$05 $00 Pixel,$03 $05 Intensity counts,$f0 $05 Error counts,$f1 $00 Status,24
47,15549,0,0,1,95A7_2019-06-16_14-45-50_000_330,SAM_8586,SPECTRUM,RAW,,,2019-06-16 14:45:50,0,0,,,,,SAM Control,SAM_8586,No Mission,1,0,1,,DLAB_2018-04-12_09-33-02_217_812,DLAB_2018-04-12_15-39-16_217_235,2048,-1,0,+INF,0,65535,0,-NAN,$05 $00 Pixel,$03 $05 Intensity counts,$f0 $05 Error counts,$f1 $00 Status,24
48,16056,0,0,1,95A7_2019-06-16_14-45-50_000_330,SAM_8586,SPECTRUM,RAW,,,2019-06-16 14:45:50,0,0,,,,,SAM Control,SAM_8586,No Mission,1,0,1,,DLAB_2018-04-12_09-33-02_217_812,DLAB_2018-04-12_15-39-16_217_235,2048,-1,0,+INF,0,65535,0,-NAN,$05 $00 Pixel,$03 $05 Intensity counts,$f0 $05 Error counts,$f1 $00 Status,24
49,16893,0,0,1,95A7_2019-06-16_14-45-50_000_330,SAM_8586,SPECTRUM,RAW,,,2019-06-16 14:45:50,0,0,,,,,SAM Control,SAM_8586,No Mission,1,0,1,,DLAB_2018-04-12_09-33-02_217_812,DLAB_2018-04-12_15-39-16_217_235,2048,-1,0,+INF,0,65535,0,-NAN,$05 $00 Pixel,$03 $05 Intensity counts,$f0 $05 Error counts,$f1 $00 Status,24
50,18138,0,0,1,95A7_2019-06-16_14-45-50_000_330,SAM_8586,SPECTRUM,RAW,,,2019-06-16 14:45:50,0,0,,,,,SAM Control,SAM_8586,No Mission,1,0,1,,DLAB_2018-04-12_09-33-02_217_812,DLAB_2018-04-12_15-39-16_217_235,2048,-1,0,+INF,0,65535,0,-NAN,$05 $00 Pixel,$03 $05 Intensity counts,$f0 $05 Error counts,$f1 $00 Status,24
51,19578,0,0,1,95A7_2019-06-16_14-45-50_000_330,SAM_8586,SPECTRUM,RAW,,,2019-06-16 14:45:50,0,0,,,,,SAM Control,SAM_8586,No Mission,1,0,1,,DLAB_2018-04-12_09-33-02_217_812,DLAB_2018-04-12_15-39-16_217_235,2048,-1,0,+INF,0,65535,0,-NAN,$05 $00 Pixel,$03 $05 Intensity counts,$f0 $05 Error counts,$f1 $00 Status,24
52,20805,0,0,1,95A7_2019-06-16_14-45-50_000_330,SAM_8586,SPECTRUM,RAW,,,2019-06-16 14:45:50,0,0,,,,,SAM Control,SAM_8586,No Mission,1,0,1,,DLAB_2018-04-12_09-33-02_217_812,DLAB_2018-04-12_15-39-16_217_235,2048,-1,0,+INF,0,65535,0,-NAN,$05 $00 Pixel,$03 $05 Intensity counts,$f0 $05 Error counts,$f1 $00 Status,24
53,21389,0,0,1,95A7_2019-06-16_14-45-50_000_330,SAM_8586,SPECTRUM,RAW,,,2019-06-16 14:45:50,0,0,,,,,SAM Control,SAM_8586,No Mission,1,0,1,,DLAB_2018-04-12_09-33-02_217_812,DLAB_2018-04-12_15-39-16_217_235,2048,-1,0,+INF,0,65535,0,-NAN,$05 $00 Pixel,$03 $05 Intensity counts,$f0 $05 Error counts,$f1 $00 Status,24
54,21726,0,0,1,95A7_2019-06-16_14-45-50_000_330,SAM_8586,SPECTRUM,RAW,,,2019-06-16 14:45:50,0,0,,,,,SAM Control,SAM_8586,No Mission,1,0,1,,DLAB_2018-04-12_09-33-02_217_812,DLAB_2018-04-12_15-39-16_217_235,2048,-1,0,+INF,0,65535,0,-NAN,$05 $00 Pixel,$03 $05 Intensity counts,$f0 $05 Error counts,$f1 $00 Status,24
55,22339,0,0,1,95A7_2019-06-16_14-45-50_000_330,SAM_8586,SPECTRUM,RAW,,,2019-06-16 14:45:50,0,0,,,,,SAM Control,SAM_8586,No Mission,1,0,1,,DLAB_2018-04-12_09-33-02_217_812,DLAB_2018-04-12_15-39-16_217_235,2048,-1,0,+INF,0,65535,0,-NAN,$05 $00 Pixel,$03 $05 Intensity counts,$f0 $05 Error counts,$f1 $00 Status,24
56,23072,0,0,1,95A7_2019-06-16_14-45-50_000_330,SAM_8586,SPECTRUM,RAW,,,2019-06-16 14:45:50,0,0,,,,,SAM Control,SAM_8586,No Mission,1,0,1,,DLAB_2018-04-12_09-33-02_217_812,DLAB_2018-04-12_15-39-16_217_235,2048,-1,0,+INF,0,65535,0,-NAN,$05 $00 Pixel,$03 $05 Intensity counts,$f0 $05 Error counts,$f1 $00 Status,24
57,23555,0,0,1,95A7_2019-06-16_14-45-50_000_330,SAM_8586,SPECTRUM,RAW,,,2019-06-16 14:45:50,0,0,,,,,SAM Control,SAM_8586,No Mission,1,0,1,,DLAB_2018-04-12_09-33-02_217_812,DLAB_2018-04-12_15-39-16_217_235,2048,-1,0,+INF,0,65535,0,-NAN,$05 $00 Pixel,$03 $05 Intensity counts,$f0 $05 Error counts,$f1 $00 Status,24
58,23976,0,0,1,95A7_2019-06-16_14-45-50_000_330,SAM_8586,SPECTRUM,RAW,,,2019-06-16 14:45:50,0,0,,,,,SAM Control,SAM_8586,No Mission,1,0,1,,DLAB_2018-04-12_09-33-02_217_812,DLAB_2018-04-12_15-39-16_217_235,2048,-1,0,+INF,0,65535,0,-NAN,$05 $00 Pixel,$03 $05 Intensity counts,$f0 $05 Error counts,$f1 $00 Status,24
59,24556,0,0,1,95A7_2019-06-16_14-45-50_000_330,SAM_8586,SPECTRUM,RAW,,,2019-06-16 14:45:50,0,0,,,,,SAM Control,SAM_8586,No Mission,1,0,1,,DLAB_2018-04-12_09-33-02_217_812,DLAB_2018-04-12_15-39-16_217_235,2048,-1,0,+INF,0,65535,0,-NAN,$05 $00 Pixel,$03 $05 Intensity counts,$f0 $05 Error counts,$f1 $00 Status,24
60,25179,0,0,1,95A7_2019-06-16_14-45-50_000_330,SAM_8586,SPECTRUM,RAW,,,2019-06-16 14:45:50,0,0,,,,,SAM Control,SAM_8586,No Mission,1,0,1,,DLAB_2018-04-12_09-33-02_217_812,DLAB_2018-04-12_15-39-16_217_235,2048,-1,0,+INF,0,65535,0,-NAN,$05 $00 Pixel,$03 $05 Intensity counts,$f0 $05 Error counts,$f1 $00 Status,24
61,25438,0,0,1,95A7_2019-06-16_14-45-50_000_330,SAM_8586,SPECTRUM,RAW,,,2019-06-16 14:45:50,0,0,,,,,SAM Control,SAM_8586,No Mission,1,0,1,,DLAB_2018-04-12_09-33-02_217_812,DLAB_2018-04-12_15-39-16_217_235,2048,-1,0,+INF,0,65535,0,-NAN,$05 $00 Pixel,$03 $05 Intensity counts,$f0 $05 Error counts,$f1 $00 Status,24
62,25386,0,0,1,95A7_2019-06-16_14-45-50_000_330,SAM_8586,SPECTRUM,RAW,,,2019-06-16 14:45:50,0,0,,,,,SAM Control,SAM_8586,No Mission,1,0,1,,DLAB_2018-04-12_09-33-02_217_812,DLAB_2018-04-12_15-39-16_217_235,2048,-1,0,+INF,0,65535,0,-NAN,$05 $00 Pixel,$03 $05 Intensity counts,$f0 $05 Error counts,$f1 $00 Status,24
63,25804,0,0,1,95A7_2019-06-16_14-45-50_000_330,SAM_8586,SPECTRUM,RAW,,,2019-06-16 14:45:50,0,0,,,,,SAM Control,SAM_8586,No Mission,1,0,1,,DLAB_2018-04-12_09-33-02_217_812,DLAB_2018-04-12_15-39-16_217_235,2048,-1,0,+INF,0,65535,0,-NAN,$05 $00 Pixel,$03 $05 Intensity counts,$f0 $05 Error counts,$f1 $00 Status,24
64,27129,0,0,1,95A7_2019-06-16_14-45-50_000_330,SAM_8586,SPECTRUM,RAW,,,2019-06-16 14:45:50,0,0,,,,,SAM Control,SAM_8586,No Mission,1,0,1,,DLAB_2018-04-12_09-33-02_217_812,DLAB_2018-04-12_15-39-16_217_235,2048,-1,0,+INF,0,65535,0,-NAN,$05 $00 Pixel,$03 $05 Intensity counts,$f0 $05 Error counts,$f1 $00 Status,24
65,28797,0,0,1,95A7_2019-06-16_14-45-50_000_330,SAM_8586,SPECTRUM,RAW,,,2019-06-16 14:45:50,0,0,,,,,SAM Control,SAM_8586,No Mission,1,0,1,,DLAB_2018-04-12_09-33-02_217_812,DLAB_2018-04-12_15-39-16_217_235,2048,-1,0,+INF,0,65535,0,-NAN,$05 $00 Pixel,$03 $05 Intensity counts,$f0 $05 Error counts,$f1 $00 Status,24
66,30356,0,0,1,95A7_2019-06-16_14-45-50_000_330,SAM_8586,SPECTRUM,RAW,,,2019-06-16 14:45:50,0,0,,,,,SAM Control,SAM_8586,No Mission,1,0,1,,DLAB_2018-04-12_09-33-02_217_812,DLAB_2018-04-12_15-39-16_217_235,2048,-1,0,+INF,0,65535,0,-NAN,$05 $00 Pixel,$03 $05 Intensity counts,$f0 $05 Error counts,$f1 $00 Status,24
67,31715,0,0,1,95A7_2019-06-16_14-45-50_000_330,SAM_8586,SPECTRUM,RAW,,,2019-06-16 14:45:50,0,0,,,,,SAM Control,SAM_8586,No Mission,1,0,1,,DLAB_2018-04-12_09-33-02_217_812,DLAB_2018-04-12_15-39-16_217_235,2048,-1,0,+INF,0,65535,0,-NAN,$05 $00 Pixel,$03 $05 Intensity counts,$f0 $05 Error counts,$f1 $00 Status,24
68,32729,0,0,1,95A7_2019-06-16_14-45-50_000_330,SAM_8586,SPECTRUM,RAW,,,2019-06-16 14:45:50,0,0,,,,,SAM Control,SAM_8586,No Mission,1,0,1,,DLAB_2018-04-12_09-33-02_217_812,DLAB_2018-04-12_15-39-16_217_235,2048,-1,0,+INF,0,65535,0,-NAN,$05 $00 Pixel,$03 $05 Intensity counts,$f0 $05 Error counts,$f1 $00 Status,24
69,33186,0,0,1,95A7_2019-06-16_14-45-50_000_330,SAM_8586,SPECTRUM,RAW,,,2019-06-16 14:45:50,0,0,,,,,SAM Control,SAM_8586,No Mission,1,0,1,,DLAB_2018-04-12_09-33-02_217_812,DLAB_2018-04-12_15-39-16_217_235,2048,-1,0,+INF,0,65535,0,-NAN,$05 $00 Pixel,$03 $05 Intensity counts,$f0 $05 Error counts,$f1 $00 Status,24
70,33358,0,0,1,95A7_2019-06-16_14-45-50_000_330,SAM_8586,SPECTRUM,RAW,,,2019-06-16 14:45:50,0,0,,,,,SAM Control,SAM_8586,No Mission,1,0,1,,DLAB_2018-04-12_09-33-02_217_812,DLAB_2018-04-12_15-39-16_217_235,2048,-1,0,+INF,0,65535,0,-NAN,$05 $00 Pixel,$03 $05 Intensity counts,$f0 $05 Error counts,$f1 $00 Status,24
71,33280,0,0,1,95A7_2019-06-16_14-45-50_000_330,SAM_8586,SPECTRUM,RAW,,,2019-06-16 14:45:50,0,0,,,,,SAM Control,SAM_8586,No Mission,1,0,1,,DLAB_2018-04-12_09-33-02_217_812,DLAB_2018-04-12_15-39-16_217_235,2048,-1,0,+INF,0,65535,0,-NAN,$05 $00 Pixel,$03 $05 Intensity counts,$f0 $05 Error counts,$f1 $00 Status,24
72,32967,0,0,1,95A7_2019-06-16_14-45-50_000_330,SAM_8586,SPECTRUM,RAW,,,2019-06-16 14:45:50,0,0,,,,,SAM Control,SAM_8586,No Mission,1,0,1,,DLAB_2018-04-12_09-33-02_217_812,DLAB_2018-04-12_15-39-16_217_235,2048,-1,0,+INF,0,65535,0,-NAN,$05 $00 Pixel,$03 $05 Intensity counts,$f0 $05 Error counts,$f1 $00 Status,24
73,32439,0,0,1,95A7_2019-06-16_14-45-50_000_330,SAM_8586,SPECTRUM,RAW,,,2019-06-16 14:45:50,0,0,,,,,SAM Control,SAM_8586,No Mission,1,0,1,,DLAB_2018-04-12_09-33-02_217_812,DLAB_2018-04-12_15-39-16_217_235,2048,-1,0,+INF,0,65535,0,-NAN,$05 $00 Pixel,$03 $05 Intensity counts,$f0 $05 Error counts,$f1 $00 Status,24
74,31796,0,0,1,95A7_2019-06-16_14-45-50_000_330,SAM_8586,SPECTRUM,RAW,,,2019-06-16 14:45:50,0,0,,,,,SAM Control,SAM_8586,No Mission,1,0,1,,DLAB_2018-04-12_09-33-02_217_812,DLAB_2018-04-12_15-39-16_217_235,2048,-1,0,+INF,0,65535,0,-NAN,$05 $00 Pixel,$03 $05 Intensity counts,$f0 $05 Error counts,$f1 $00 Status,24
75,31116,0,0,1,95A7_2019-06-16_14-45-50_000_330,SAM_8586,SPECTRUM,RAW,,,2019-06-16 14:45:50,0,0,,,,,SAM Control,SAM_8586,No Mission,1,0,1,,DLAB_2018-04-12_09-33-02_217_812,DLAB_2018-04-12_15-39-16_217_235,2048,-1,0,+INF,0,65535,0,-NAN,$05 $00 Pixel,$03 $05 Intensity counts,$f0 $05 Error counts,$f1 $00 Status,24
76,30403,0,0,1,95A7_2019-06-16_14-45-50_000_330,SAM_8586,SPECTRUM,RAW,,,2019-06-16 14:45:50,0,0,,,,,SAM Control,SAM_8586,No Mission,1,0,1,,DLAB_2018-04-12_09-33-02_217_812,DLAB_2018-04-12_15-39-16_217_235,2048,-1,0,+INF,0,65535,0,-NAN,$05 $00 Pixel,$03 $05 Intensity counts,$f0 $05 Error counts,$f1 $00 Status,24
77,29496,0,0,1,95A7_2019-06-16_14-45-50_000_330,SAM_8586,SPECTRUM,RAW,,,2019-06-16 14:45:50,0,0,,,,,SAM Control,SAM_8586,No Mission,1,0,1,,DLAB_2018-04-12_09-33-02_217_812,DLAB_2018-04-12_15-39-16_217_235,2048,-1,0,+INF,0,65535,0,-NAN,$05 $00 Pixel,$03 $05 Intensity counts,$f0 $05 Error counts,$f1 $00 Status,24
78,28215,0,0,1,95A7_2019-06-16_14-45-50_000_330,SAM_8586,SPECTRUM,RAW,,,2019-06-16 14:45:50,0,0,,,,,SAM Control,SAM_8586,No Mission,1,0,1,,DLAB_2018-04-12_09-33-02_217_812,DLAB_2018-04-12_15-39-16_217_235,2048,-1,0,+INF,0,65535,0,-NAN,$05 $00 Pixel,$03 $05 Intensity counts,$f0 $05 Error counts,$f1 $00 Status,24
79,26531,0,0,1,95A7_2019-06-16_14-45-50_000_330,SAM_8586,SPECTRUM,RAW,,,2019-06-16 14:45:50,0,0,,,,,SAM Control,SAM_8586,No Mission,1,0,1,,DLAB_2018-04-12_09-33-02_217_812,DLAB_2018-04-12_15-39-16_217_235,2048,-1,0,+INF,0,65535,0,-NAN,$05 $00 Pixel,$03 $05 Intensity counts,$f0 $05 Error counts,$f1 $00 Status,24
80,24444,0,0,1,95A7_2019-06-16_14-45-50_000_330,SAM_8586,SPECTRUM,RAW,,,2019-06-16 14:45:50,0,0,,,,,SAM Control,SAM_8586,No Mission,1,0,1,,DLAB_2018-04-12_09-33-02_217_812,DLAB_2018-04-12_15-39-16_217_235,2048,-1,0,+INF,0,65535,0,-NAN,$05 $00 Pixel,$03 $05 Intensity counts,$f0 $05 Error counts,$f1 $00 Status,24
81,21938,0,0,1,95A7_2019-06-16_14-45-50_000_330,SAM_8586,SPECTRUM,RAW,,,2019-06-16 14:45:50,0,0,,,,,SAM Control,SAM_8586,No Mission,1,0,1,,DLAB_2018-04-12_09-33-02_217_812,DLAB_2018-04-12_15-39-16_217_235,2048,-1,0,+INF,0,65535,0,-NAN,$05 $00 Pixel,$03 $05 Intensity counts,$f0 $05 Error counts,$f1 $00 Status,24
82,19172,0,0,1,95A7_2019-06-16_14-45-50_000_330,SAM_8586,SPECTRUM,RAW,,,2019-06-16 14:45:50,0,0,,,,,SAM Control,SAM_8586,No Mission,1,0,1,,DLAB_2018-04-12_09-33-02_217_812,DLAB_2018-04-12_15-39-16_217_235,2048,-1,0,+INF,0,65535,0,-NAN,$05 $00 Pixel,$03 $05 Intensity counts,$f0 $05 Error counts,$f1 $00 Status,24
83,16244,0,0,1,95A7_2019-06-16_14-45-50_000_330,SAM_8586,SPECTRUM,RAW,,,2019-06-16 14:45:50,0,0,,,,,SAM Control,SAM_8586,No Mission,1,0,1,,DLAB_2018-04-12_09-33-02_217_812,DLAB_2018-04-12_15-39-16_217_235,2048,-1,0,+INF,0,65535,0,-NAN,$05 $00 Pixel,$03 $05 Intensity counts,$f0 $05 Error counts,$f1 $00 Status,24
84,13363,0,0,1,95A7_2019-06-16_14-45-50_000_330,SAM_8586,SPECTRUM,RAW,,,2019-06-16 14:45:50,0,0,,,,,SAM Control,SAM_8586,No Mission,1,0,1,,DLAB_2018-04-12_09-33-02_217_812,DLAB_2018-04-12_15-39-16_217_235,2048,-1,0,+INF,0,65535,0,-NAN,$05 $00 Pixel,$03 $05 Intensity counts,$f0 $05 Error counts,$f1 $00 Status,24
85,10834,0,0,1,95A7_2019-06-16_14-45-50_000_330,SAM_8586,SPECTRUM,RAW,,,2019-06-16 14:45:50,0,0,,,,,SAM Control,SAM_8586,No Mission,1,0,1,,DLAB_2018-04-12_09-33-02_217_812,DLAB_2018-04-12_15-39-16_217_235,2048,-1,0,+INF,0,65535,0,-NAN,$05 $00 Pixel,$03 $05 Intensity counts,$f0 $05 Error counts,$f1 $00 Status,24
86,8700,0,0,1,95A7_2019-06-16_14-45-50_000_330,SAM_8586,SPECTRUM,RAW,,,2019-06-16 14:45:50,0,0,,,,,SAM Control,SAM_8586,No Mission,1,0,1,,DLAB_2018-04-12_09-33-02_217_812,DLAB_2018-04-12_15-39-16_217_235,2048,-1,0,+INF,0,65535,0,-NAN,$05 $00 Pixel,$03 $05 Intensity counts,$f0 $05 Error counts,$f1 $00 Status,24
87,6877,0,0,1,95A7_2019-06-16_14-45-50_000_330,SAM_8586,SPECTRUM,RAW,,,2019-06-16 14:45:50,0,0,,,,,SAM Control,SAM_8586,No Mission,1,0,1,,DLAB_2018-04-12_09-33-02_217_812,DLAB_2018-04-12_15-39-16_217_235,2048,-1,0,+INF,0,65535,0,-NAN,$05 $00 Pixel,$03 $05 Intensity counts,$f0 $05 Error counts,$f1 $00 Status,24
88,5470,0,0,1,95A7_2019-06-16_14-45-50_000_330,SAM_8586,SPECTRUM,RAW,,,2019-06-16 14:45:50,0,0,,,,,SAM Control,SAM_8586,No Mission,1,0,1,,DLAB_2018-04-12_09-33-02_217_812,DLAB_2018-04-12_15-39-16_217_235,2048,-1,0,+INF,0,65535,0,-NAN,$05 $00 Pixel,$03 $05 Intensity counts,$f0 $05 Error counts,$f1 $00 Status,24
89,4544,0,0,1,95A7_2019-06-16_14-45-50_000_330,SAM_8586,SPECTRUM,RAW,,,2019-06-16 14:45:50,0,0,,,,,SAM Control,SAM_8586,No Mission,1,0,1,,DLAB_2018-04-12_09-33-02_217_812,DLAB_2018-04-12_15-39-16_217_235,2048,-1,0,+INF,0,65535,0,-NAN,$05 $00 Pixel,$03 $05 Intensity counts,$f0 $05 Error counts,$f1 $00 Status,24
90,4010,0,0,1,95A7_2019-06-16_14-45-50_000_330,SAM_8586,SPECTRUM,RAW,,,2019-06-16 14:45:50,0,0,,,,,SAM Control,SAM_8586,No Mission,1,0,1,,DLAB_2018-04-12_09-33-02_217_812,DLAB_2018-04-12_15-39-16_217_235,2048,-1,0,+INF,0,65535,0,-NAN,$05 $00 Pixel,$03 $05 Intensity counts,$f0 $05 Error counts,$f1 $00 Status,24
91,3650,0,0,1,95A7_2019-06-16_14-45-50_000_330,SAM_8586,SPECTRUM,RAW,,,2019-06-16 14:45:50,0,0,,,,,SAM Control,SAM_8586,No Mission,1,0,1,,DLAB_2018-04-12_09-33-02_217_812,DLAB_2018-04-12_15-39-16_217_235,2048,-1,0,+INF,0,65535,0,-NAN,$05 $00 Pixel,$03 $05 Intensity counts,$f0 $05 Error counts,$f1 $00 Status,24
92,3409,0,0,1,95A7_2019-06-16_14-45-50_000_330,SAM_8586,SPECTRUM,RAW,,,2019-06-16 14:45:50,0,0,,,,,SAM Control,SAM_8586,No Mission,1,0,1,,DLAB_2018-04-12_09-33-02_217_812,DLAB_2018-04-12_15-39-16_217_235,2048,-1,0,+INF,0,65535,0,-NAN,$05 $00 Pixel,$03 $05 Intensity counts,$f0 $05 Error counts,$f1 $00 Status,24
93,3208,0,0,1,95A7_2019-06-16_14-45-50_000_330,SAM_8586,SPECTRUM,RAW,,,2019-06-16 14:45:50,0,0,,,,,SAM Control,SAM_8586,No Mission,1,0,1,,DLAB_2018-04-12_09-33-02_217_812,DLAB_2018-04-12_15-39-16_217_235,2048,-1,0,+INF,0,65535,0,-NAN,$05 $00 Pixel,$03 $05 Intensity counts,$f0 $05 Error counts,$f1 $00 Status,24
94,3058,0,0,1,95A7_2019-06-16_14-45-50_000_330,SAM_8586,SPECTRUM,RAW,,,2019-06-16 14:45:50,0,0,,,,,SAM Control,SAM_8586,No Mission,1,0,1,,DLAB_2018-04-12_09-33-02_217_812,DLAB_2018-04-12_15-39-16_217_235,2048,-1,0,+INF,0,65535,0,-NAN,$05 $00 Pixel,$03 $05 Intensity counts,$f0 $05 Error counts,$f1 $00 Status,24
95,2920,0,0,1,95A7_2019-06-16_14-45-50_000_330,SAM_8586,SPECTRUM,RAW,,,2019-06-16 14:45:50,0,0,,,,,SAM Control,SAM_8586,No Mission,1,0,1,,DLAB_2018-04-12_09-33-02_217_812,DLAB_2018-04-12_15-39-16_217_235,2048,-1,0,+INF,0,65535,0,-NAN,$05 $00 Pixel,$03 $05 Intensity counts,$f0 $05 Error counts,$f1 $00 Status,24
96,2790,0,0,1,95A7_2019-06-16_14-45-50_000_330,SAM_8586,SPECTRUM,RAW,,,2019-06-16 14:45:50,0,0,,,,,SAM Control,SAM_8586,No Mission,1,0,1,,DLAB_2018-04-12_09-33-02_217_812,DLAB_2018-04-12_15-39-16_217_235,2048,-1,0,+INF,0,65535,0,-NAN,$05 $00 Pixel,$03 $05 Intensity counts,$f0 $05 Error counts,$f1 $00 Status,24
97,2675,0,0,1,95A7_2019-06-16_14-45-50_000_330,SAM_8586,SPECTRUM,RAW,,,2019-06-16 14:45:50,0,0,,,,,SAM Control,SAM_8586,No Mission,1,0,1,,DLAB_2018-04-12_09-33-02_217_812,DLAB_2018-04-12_15-39-16_217_235,2048,-1,0,+INF,0,65535,0,-NAN,$05 $00 Pixel,$03 $05 Intensity counts,$f0 $05 Error counts,$f1 $00 Status,24
98,2570,0,0,1,95A7_2019-06-16_14-45-50_000_330,SAM_8586,SPECTRUM,RAW,,,2019-06-16 14:45:50,0,0,,,,,SAM Control,SAM_8586,No Mission,1,0,1,,DLAB_2018-04-12_09-33-02_217_812,DLAB_2018-04-12_15-39-16_217_235,2048,-1,0,+INF,0,65535,0,-NAN,$05 $00 Pixel,$03 $05 Intensity counts,$f0 $05 Error counts,$f1 $00 Status,24
99,2472,0,0,1,95A7_2019-06-16_14-45-50_000_330,SAM_8586,SPECTRUM,RAW,,,2019-06-16 14:45:50,0,0,,,,,SAM Control,SAM_8586,No Mission,1,0,1,,DLAB_2018-04-12_09-33-02_217_812,DLAB_2018-04-12_15-39-16_217_235,2048,-1,0,+INF,0,65535,0,-NAN,$05 $00 Pixel,$03 $05 Intensity counts,$f0 $05 Error counts,$f1 $00 Status,24
100,2388,0,0,1,95A7_2019-06-16_14-45-50_000_330,SAM_8586,SPECTRUM,RAW,,,2019-06-16 14:45:50,0,0,,,,,SAM Control,SAM_8586,No Mission,1,0,1,,DLAB_2018-04-12_09-33-02_217_812,DLAB_2018-04-12_15-39-16_217_235,2048,-1,0,+INF,0,65535,0,-NAN,$05 $00 Pixel,$03 $05 Intensity counts,$f0 $05 Error counts,$f1 $00 Status,24
101,2301,0,0,1,95A7_2019-06-16_14-45-50_000_330,SAM_8586,SPECTRUM,RAW,,,2019-06-16 14:45:50,0,0,,,,,SAM Control,SAM_8586,No Mission,1,0,1,,DLAB_2018-04-12_09-33-02_217_812,DLAB_2018-04-12_15-39-16_217_235,2048,-1,0,+INF,0,65535,0,-NAN,$05 $00 Pixel,$03 $05 Intensity counts,$f0 $05 Error counts,$f1 $00 Status,24
102,2236,0,0,1,95A7_2019-06-16_14-45-50_000_330,SAM_8586,SPECTRUM,RAW,,,2019-06-16 14:45:50,0,0,,,,,SAM Control,SAM_8586,No Mission,1,0,1,,DLAB_2018-04-12_09-33-02_217_812,DLAB_2018-04-12_15-39-16_217_235,2048,-1,0,+INF,0,65535,0,-NAN,$05 $00 Pixel,$03 $05 Intensity counts,$f0 $05 Error counts,$f1 $00 Status,24
103,2146,0,0,1,95A7_2019-06-16_14-45-50_000_330,SAM_8586,SPECTRUM,RAW,,,2019-06-16 14:45:50,0,0,,,,,SAM Control,SAM_8586,No Mission,1,0,1,,DLAB_2018-04-12_09-33-02_217_812,DLAB_2018-04-12_15-39-16_217_235,2048,-1,0,+INF,0,65535,0,-NAN,$05 $00 Pixel,$03 $05 Intensity counts,$f0 $05 Error counts,$f1 $00 Status,24
104,2065,0,0,1,95A7_2019-06-16_14-45-50_000_330,SAM_8586,SPECTRUM,RAW,,,2019-06-16 14:45:50,0,0,,,,,SAM Control,SAM_8586,No Mission,1,0,1,,DLAB_2018-04-12_09-33-02_217_812,DLAB_2018-04-12_15-39-16_217_235,2048,-1,0,+INF,0,65535,0,-NAN,$05 $00 Pixel,$03 $05 Intensity counts,$f0 $05 Error counts,$f1 $00 Status,24
105,1988,0,0,1,95A7_2019-06-16_14-45-50_000_330,SAM_8586,SPECTRUM,RAW,,,2019-06-16 14:45:50,0,0,,,,,SAM Control,SAM_8586,No Mission,1,0,1,,DLAB_2018-04-12_09-33-02_217_812,DLAB_2018-04-12_15-39-16_217_235,2048,-1,0,+INF,0,65535,0,-NAN,$05 $00 Pixel,$03 $05 Intensity counts,$f0 $05 Error counts,$f1 $00 Status,24
106,1966,0,0,1,95A7_2019-06-16_14-45-50_000_330,SAM_8586,SPECTRUM,RAW,,,2019-06-16 14:45:50,0,0,,,,,SAM Control,SAM_8586,No Mission,1,0,1,,DLAB_2018-04-12_09-33-02_217_812,DLAB_2018-04-12_15-39-16_217_235,2048,-1,0,+INF,0,65535,0,-NAN,$05 $00 Pixel,$03 $05 Intensity counts,$f0 $05 Error counts,$f1 $00 Status,24
107,2008,0,0,1,95A7_2019-06-16_14-45-50_000_330,SAM_8586,SPECTRUM,RAW,,,2019-06-16 14:45:50,0,0,,,,,SAM Control,SAM_8586,No Mission,1,0,1,,DLAB_2018-04-12_09-33-02_217_812,DLAB_2018-04-12_15-39-16_217_235,2048,-1,0,+INF,0,65535,0,-NAN,$05 $00 Pixel,$03 $05 Intensity counts,$f0 $05 Error counts,$f1 $00 Status,24
108,2136,0,0,1,95A7_2019-06-16_14-45-50_000_330,SAM_8586,SPECTRUM,RAW,,,2019-06-16 14:45:50,0,0,,,,,SAM Control,SAM_8586,No Mission,1,0,1,,DLAB_2018-04-12_09-33-02_217_812,DLAB_2018-04-12_15-39-16_217_235,2048,-1,0,+INF,0,65535,0,-NAN,$05 $00 Pixel,$03 $05 Intensity counts,$f0 $05 Error counts,$f1 $00 Status,24
109,2323,0,0,1,95A7_2019-06-16_14-45-50_000_330,SAM_8586,SPECTRUM,RAW,,,2019-06-16 14:45:50,0,0,,,,,SAM Control,SAM_8586,No Mission,1,0,1,,DLAB_2018-04-12_09-33-02_217_812,DLAB_2018-04-12_15-39-16_217_235,2048,-1,0,+INF,0,65535,0,-NAN,$05 $00 Pixel,$03 $05 Intensity counts,$f0 $05 Error counts,$f1 $00 Status,24
110,2515,0,0,1,95A7_2019-06-16_14-45-50_000_330,SAM_8586,SPECTRUM,RAW,,,2019-06-16 14:45:50,0,0,,,,,SAM Control,SAM_8586,No Mission,1,0,1,,DLAB_2018-04-12_09-33-02_217_812,DLAB_2018-04-12_15-39-16_217_235,2048,-1,0,+INF,0,65535,0,-NAN,$05 $00 Pixel,$03 $05 Intensity counts,$f0 $05 Error counts,$f1 $00 Status,24
111,2655,0,0,1,95A7_2019-06-16_14-45-50_000_330,SAM_8586,SPECTRUM,RAW,,,2019-06-16 14:45:50,0,0,,,,,SAM Control,SAM_8586,No Mission,1,0,1,,DLAB_2018-04-12_09-33-02_217_812,DLAB_2018-04-12_15-39-16_217_235,2048,-1,0,+INF,0,65535,0,-NAN,$05 $00 Pixel,$03 $05 Intensity counts,$f0 $05 Error counts,$f1 $00 Status,24
112,2716,0,0,1,95A7_2019-06-16_14-45-50_000_330,SAM_8586,SPECTRUM,RAW,,,2019-06-16 14:45:50,0,0,,,,,SAM Control,SAM_8586,No Mission,1,0,1,,DLAB_2018-04-12_09-33-02_217_812,DLAB_2018-04-12_15-39-16_217_235,2048,-1,0,+INF,0,65535,0,-NAN,$05 $00 Pixel,$03 $05 Intensity counts,$f0 $05 Error counts,$f1 $00 Status,24
113,2655,0,0,1,95A7_2019-06-16_14-45-50_000_330,SAM_8586,SPECTRUM,RAW,,,2019-06-16 14:45:50,0,0,,,,,SAM Control,SAM_8586,No Mission,1,0,1,,DLAB_2018-04-12_09-33-02_217_812,DLAB_2018-04-12_15-39-16_217_235,2048,-1,0,+INF,0,65535,0,-NAN,$05 $00 Pixel,$03 $05 Intensity counts,$f0 $05 Error counts,$f1 $00 Status,24
114,2506,0,0,1,95A7_2019-06-16_14-45-50_000_330,SAM_8586,SPECTRUM,RAW,,,2019-06-16 14:45:50,0,0,,,,,SAM Control,SAM_8586,No Mission,1,0,1,,DLAB_2018-04-12_09-33-02_217_812,DLAB_2018-04-12_15-39-16_217_235,2048,-1,0,+INF,0,65535,0,-NAN,$05 $00 Pixel,$03 $05 Intensity counts,$f0 $05 Error counts,$f1 $00 Status,24
115,2310,0,0,1,95A7_2019-06-16_14-45-50_000_330,SAM_8586,SPECTRUM,RAW,,,2019-06-16 14:45:50,0,0,,,,,SAM Control,SAM_8586,No Mission,1,0,1,,DLAB_2018-04-12_09-33-02_217_812,DLAB_2018-04-12_15-39-16_217_235,2048,-1,0,+INF,0,65535,0,-NAN,$05 $00 Pixel,$03 $05 Intensity counts,$f0 $05 Error counts,$f1 $00 Status,24
116,2125,0,0,1,95A7_2019-06-16_14-45-50_000_330,SAM_8586,SPECTRUM,RAW,,,2019-06-16 14:45:50,0,0,,,,,SAM Control,SAM_8586,No Mission,1,0,1,,DLAB_2018-04-12_09-33-02_217_812,DLAB_2018-04-12_15-39-16_217_235,2048,-1,0,+INF,0,65535,0,-NAN,$05 $00 Pixel,$03 $05 Intensity counts,$f0 $05 Error counts,$f1 $00 Status,24
117,1952,0,0,1,95A7_2019-06-16_14-45-50_000_330,SAM_8586,SPECTRUM,RAW,,,2019-06-16 14:45:50,0,0,,,,,SAM Control,SAM_8586,No Mission,1,0,1,,DLAB_2018-04-12_09-33-02_217_812,DLAB_2018-04-12_15-39-16_217_235,2048,-1,0,+INF,0,65535,0,-NAN,$05 $00 Pixel,$03 $05 Intensity counts,$f0 $05 Error counts,$f1 $00 Status,24
118,1833,0,0,1,95A7_2019-06-16_14-45-50_000_330,SAM_8586,SPECTRUM,RAW,,,2019-06-16 14:45:50,0,0,,,,,SAM Control,SAM_8586,No Mission,1,0,1,,DLAB_2018-04-12_09-33-02_217_812,DLAB_2018-04-12_15-39-16_217_235,2048,-1,0,+INF,0,65535,0,-NAN,$05 $00 Pixel,$03 $05 Intensity counts,$f0 $05 Error counts,$f1 $00 Status,24
119,1724,0,0,1,95A7_2019-06-16_14-45-50_000_330,SAM_8586,SPECTRUM,RAW,,,2019-06-16 14:45:50,0,0,,,,,SAM Control,SAM_8586,No Mission,1,0,1,,DLAB_2018-04-12_09-33-02_217_812,DLAB_2018-04-12_15-39-16_217_235,2048,-1,0,+INF,0,65535,0,-NAN,$05 $00 Pixel,$03 $05 Intensity counts,$f0 $05 Error counts,$f1 $00 Status,24
120,1653,0,0,1,95A7_2019-06-16_14-45-50_000_330,SAM_8586,SPECTRUM,RAW,,,2019-06-16 14:45:50,0,0,,,,,SAM Control,SAM_8586,No Mission,1,0,1,,DLAB_2018-04-12_09-33-02_217_812,DLAB_2018-04-12_15-39-16_217_235,2048,-1,0,+INF,0,65535,0,-NAN,$05 $00 Pixel,$03 $05 Intensity counts,$f0 $05 Error counts,$f1 $00 Status,24
121,1590,0,0,1,95A7_2019-06-16_14-45-50_000_330,SAM_8586,SPECTRUM,RAW,,,2019-06-16 14:45:50,0,0,,,,,SAM Control,SAM_8586,No Mission,1,0,1,,DLAB_2018-04-12_09-33-02_217_812,DLAB_2018-04-12_15-39-16_217_235,2048,-1,0,+INF,0,65535,0,-NAN,$05 $00 Pixel,$03 $05 Intensity counts,$f0 $05 Error counts,$f1 $00 Status,24
122,1545,0,0,1,95A7_2019-06-16_14-45-50_000_330,SAM_8586,SPECTRUM,RAW,,,2019-06-16 14:45:50,0,0,,,,,SAM Control,SAM_8586,No Mission,1,0,1,,DLAB_2018-04-12_09-33-02_217_812,DLAB_2018-04-12_15-39-16_217_235,2048,-1,0,+INF,0,65535,0,-NAN,$05 $00 Pixel,$03 $05 Intensity counts,$f0 $05 Error counts,$f1 $00 Status,24
123,1512,0,0,1,95A7_2019-06-16_14-45-50_000_330,SAM_8586,SPECTRUM,RAW,,,2019-06-16 14:45:50,0,0,,,,,SAM Control,SAM_8586,No Mission,1,0,1,,DLAB_2018-04-12_09-33-02_217_812,DLAB_2018-04-12_15-39-16_217_235,2048,-1,0,+INF,0,65535,0,-NAN,$05 $00 Pixel,$03 $05 Intensity counts,$f0 $05 Error counts,$f1 $00 Status,24
124,1486,0,0,1,95A7_2019-06-16_14-45-50_000_330,SAM_8586,SPECTRUM,RAW,,,2019-06-16 14:45:50,0,0,,,,,SAM Control,SAM_8586,No Mission,1,0,1,,DLAB_2018-04-12_09-33-02_217_812,DLAB_2018-04-12_15-39-16_217_235,2048,-1,0,+INF,0,65535,0,-NAN,$05 $00 Pixel,$03 $05 Intensity counts,$f0 $05 Error counts,$f1 $00 Status,24
125,1462,0,0,1,95A7_2019-06-16_14-45-50_000_330,SAM_8586,SPECTRUM,RAW,,,2019-06-16 14:45:50,0,0,,,,,SAM Control,SAM_8586,No Mission,1,0,1,,DLAB_2018-04-12_09-33-02_217_812,DLAB_2018-04-12_15-39-16_217_235,2048,-1,0,+INF,0,65535,0,-NAN,$05 $00 Pixel,$03 $05 Intensity counts,$f0 $05 Error counts,$f1 $00 Status,24
126,1446,0,0,1,95A7_2019-06-16_14-45-50_000_330,SAM_8586,SPECTRUM,RAW,,,2019-06-16 14:45:50,0,0,,,,,SAM Control,SAM_8586,No Mission,1,0,1,,DLAB_2018-04-12_09-33-02_217_812,DLAB_2018-04-12_15-39-16_217_235,2048,-1,0,+INF,0,65535,0,-NAN,$05 $00 Pixel,$03 $05 Intensity counts,$f0 $05 Error counts,$f1 $00 Status,24
127,1423,0,0,1,95A7_2019-06-16_14-45-50_000_330,SAM_8586,SPECTRUM,RAW,,,2019-06-16 14:45:50,0,0,,,,,SAM Control,SAM_8586,No Mission,1,0,1,,DLAB_2018-04-12_09-33-02_217_812,DLAB_2018-04-12_15-39-16_217_235,2048,-1,0,+INF,0,65535,0,-NAN,$05 $00 Pixel,$03 $05 Intensity counts,$f0 $05 Error counts,$f1 $00 Status,24
128,1419,0,0,1,95A7_2019-06-16_14-45-50_000_330,SAM_8586,SPECTRUM,RAW,,,2019-06-16 14:45:50,0,0,,,,,SAM Control,SAM_8586,No Mission,1,0,1,,DLAB_2018-04-12_09-33-02_217_812,DLAB_2018-04-12_15-39-16_217_235,2048,-1,0,+INF,0,65535,0,-NAN,$05 $00 Pixel,$03 $05 Intensity counts,$f0 $05 Error counts,$f1 $00 Status,24
129,1397,0,0,1,95A7_2019-06-16_14-45-50_000_330,SAM_8586,SPECTRUM,RAW,,,2019-06-16 14:45:50,0,0,,,,,SAM Control,SAM_8586,No Mission,1,0,1,,DLAB_2018-04-12_09-33-02_217_812,DLAB_2018-04-12_15-39-16_217_235,2048,-1,0,+INF,0,65535,0,-NAN,$05 $00 Pixel,$03 $05 Intensity counts,$f0 $05 Error counts,$f1 $00 Status,24
130,1393,0,0,1,95A7_2019-06-16_14-45-50_000_330,SAM_8586,SPECTRUM,RAW,,,2019-06-16 14:45:50,0,0,,,,,SAM Control,SAM_8586,No Mission,1,0,1,,DLAB_2018-04-12_09-33-02_217_812,DLAB_2018-04-12_15-39-16_217_235,2048,-1,0,+INF,0,65535,0,-NAN,$05 $00 Pixel,$03 $05 Intensity counts,$f0 $05 Error counts,$f1 $00 Status,24
131,1379,0,0,1,95A7_2019-06-16_14-45-50_000_330,SAM_8586,SPECTRUM,RAW,,,2019-06-16 14:45:50,0,0,,,,,SAM Control,SAM_8586,No Mission,1,0,1,,DLAB_2018-04-12_09-33-02_217_812,DLAB_2018-04-12_15-39-16_217_235,2048,-1,0,+INF,0,65535,0,-NAN,$05 $00 Pixel,$03 $05 Intensity counts,$f0 $05 Error counts,$f1 $00 Status,24
132,1375,0,0,1,95A7_2019-06-16_14-45-50_000_330,SAM_8586,SPECTRUM,RAW,,,2019-06-16 14:45:50,0,0,,,,,SAM Control,SAM_8586,No Mission,1,0,1,,DLAB_2018-04-12_09-33-02_217_812,DLAB_2018-04-12_15-39-16_217_235,2048,-1,0,+INF,0,65535,0,-NAN,$05 $00 Pixel,$03 $05 Intensity counts,$f0 $05 Error counts,$f1 $00 Status,24
133,1366,0,0,1,95A7_2019-06-16_14-45-50_000_330,SAM_8586,SPECTRUM,RAW,,,2019-06-16 14:45:50,0,0,,,,,SAM Control,SAM_8586,No Mission,1,0,1,,DLAB_2018-04-12_09-33-02_217_812,DLAB_2018-04-12_15-39-16_217_235,2048,-1,0,+INF,0,65535,0,-NAN,$05 $00 Pixel,$03 $05 Intensity counts,$f0 $05 Error counts,$f1 $00 Status,24
134,1357,0,0,1,95A7_2019-06-16_14-45-50_000_330,SAM_8586,SPECTRUM,RAW,,,2019-06-16 14:45:50,0,0,,,,,SAM Control,SAM_8586,No Mission,1,0,1,,DLAB_2018-04-12_09-33-02_217_812,DLAB_2018-04-12_15-39-16_217_235,2048,-1,0,+INF,0,65535,0,-NAN,$05 $00 Pixel,$03 $05 Intensity counts,$f0 $05 Error counts,$f1 $00 Status,24
135,1351,0,0,1,95A7_2019-06-16_14-45-50_000_330,SAM_8586,SPECTRUM,RAW,,,2019-06-16 14:45:50,0,0,,,,,SAM Control,SAM_8586,No Mission,1,0,1,,DLAB_2018-04-12_09-33-02_217_812,DLAB_2018-04-12_15-39-16_217_235,2048,-1,0,+INF,0,65535,0,-NAN,$05 $00 Pixel,$03 $05 Intensity counts,$f0 $05 Error counts,$f1 $00 Status,24
136,1342,0,0,1,95A7_2019-06-16_14-45-50_000_330,SAM_8586,SPECTRUM,RAW,,,2019-06-16 14:45:50,0,0,,,,,SAM Control,SAM_8586,No Mission,1,0,1,,DLAB_2018-04-12_09-33-02_217_812,DLAB_2018-04-12_15-39-16_217_235,2048,-1,0,+INF,0,65535,0,-NAN,$05 $00 Pixel,$03 $05 Intensity counts,$f0 $05 Error counts,$f1 $00 Status,24
137,1332,0,0,1,95A7_2019-06-16_14-45-50_000_330,SAM_8586,SPECTRUM,RAW,,,2019-06-16 14:45:50,0,0,,,,,SAM Control,SAM_8586,No Mission,1,0,1,,DLAB_2018-04-12_09-33-02_217_812,DLAB_2018-04-12_15-39-16_217_235,2048,-1,0,+INF,0,65535,0,-NAN,$05 $00 Pixel,$03 $05 Intensity counts,$f0 $05 Error counts,$f1 $00 Status,24
138,1336,0,0,1,95A7_2019-06-16_14-45-50_000_330,SAM_8586,SPECTRUM,RAW,,,2019-06-16 14:45:50,0,0,,,,,SAM Control,SAM_8586,No Mission,1,0,1,,DLAB_2018-04-12_09-33-02_217_812,DLAB_2018-04-12_15-39-16_217_235,2048,-1,0,+INF,0,65535,0,-NAN,$05 $00 Pixel,$03 $05 Intensity counts,$f0 $05 Error counts,$f1 $00 Status,24
139,1318,0,0,1,95A7_2019-06-16_14-45-50_000_330,SAM_8586,SPECTRUM,RAW,,,2019-06-16 14:45:50,0,0,,,,,SAM Control,SAM_8586,No Mission,1,0,1,,DLAB_2018-04-12_09-33-02_217_812,DLAB_2018-04-12_15-39-16_217_235,2048,-1,0,+INF,0,65535,0,-NAN,$05 $00 Pixel,$03 $05 Intensity counts,$f0 $05 Error counts,$f1 $00 Status,24
140,1329,0,0,1,95A7_2019-06-16_14-45-50_000_330,SAM_8586,SPECTRUM,RAW,,,2019-06-16 14:45:50,0,0,,,,,SAM Control,SAM_8586,No Mission,1,0,1,,DLAB_2018-04-12_09-33-02_217_812,DLAB_2018-04-12_15-39-16_217_235,2048,-1,0,+INF,0,65535,0,-NAN,$05 $00 Pixel,$03 $05 Intensity counts,$f0 $05 Error counts,$f1 $00 Status,24
141,1317,0,0,1,95A7_2019-06-16_14-45-50_000_330,SAM_8586,SPECTRUM,RAW,,,2019-06-16 14:45:50,0,0,,,,,SAM Control,SAM_8586,No Mission,1,0,1,,DLAB_2018-04-12_09-33-02_217_812,DLAB_2018-04-12_15-39-16_217_235,2048,-1,0,+INF,0,65535,0,-NAN,$05 $00 Pixel,$03 $05 Intensity counts,$f0 $05 Error counts,$f1 $00 Status,24
142,1317,0,0,1,95A7_2019-06-16_14-45-50_000_330,SAM_8586,SPECTRUM,RAW,,,2019-06-16 14:45:50,0,0,,,,,SAM Control,SAM_8586,No Mission,1,0,1,,DLAB_2018-04-12_09-33-02_217_812,DLAB_2018-04-12_15-39-16_217_235,2048,-1,0,+INF,0,65535,0,-NAN,$05 $00 Pixel,$03 $05 Intensity counts,$f0 $05 Error counts,$f1 $00 Status,24
143,1317,0,0,1,95A7_2019-06-16_14-45-50_000_330,SAM_8586,SPECTRUM,RAW,,,2019-06-16 14:45:50,0,0,,,,,SAM Control,SAM_8586,No Mission,1,0,1,,DLAB_2018-04-12_09-33-02_217_812,DLAB_2018-04-12_15-39-16_217_235,2048,-1,0,+INF,0,65535,0,-NAN,$05 $00 Pixel,$03 $05 Intensity counts,$f0 $05 Error counts,$f1 $00 Status,24
144,1318,0,0,1,95A7_2019-06-16_14-45-50_000_330,SAM_8586,SPECTRUM,RAW,,,2019-06-16 14:45:50,0,0,,,,,SAM Control,SAM_8586,No Mission,1,0,1,,DLAB_2018-04-12_09-33-02_217_812,DLAB_2018-04-12_15-39-16_217_235,2048,-1,0,+INF,0,65535,0,-NAN,$05 $00 Pixel,$03 $05 Intensity counts,$f0 $05 Error counts,$f1 $00 Status,24
145,1313,0,0,1,95A7_2019-06-16_14-45-50_000_330,SAM_8586,SPECTRUM,RAW,,,2019-06-16 14:45:50,0,0,,,,,SAM Control,SAM_8586,No Mission,1,0,1,,DLAB_2018-04-12_09-33-02_217_812,DLAB_2018-04-12_15-39-16_217_235,2048,-1,0,+INF,0,65535,0,-NAN,$05 $00 Pixel,$03 $05 Intensity counts,$f0 $05 Error counts,$f1 $00 Status,24
146,1311,0,0,1,95A7_2019-06-16_14-45-50_000_330,SAM_8586,SPECTRUM,RAW,,,2019-06-16 14:45:50,0,0,,,,,SAM Control,SAM_8586,No Mission,1,0,1,,DLAB_2018-04-12_09-33-02_217_812,DLAB_2018-04-12_15-39-16_217_235,2048,-1,0,+INF,0,65535,0,-NAN,$05 $00 Pixel,$03 $05 Intensity counts,$f0 $05 Error counts,$f1 $00 Status,24
147,1316,0,0,1,95A7_2019-06-16_14-45-50_000_330,SAM_8586,SPECTRUM,RAW,,,2019-06-16 14:45:50,0,0,,,,,SAM Control,SAM_8586,No Mission,1,0,1,,DLAB_2018-04-12_09-33-02_217_812,DLAB_2018-04-12_15-39-16_217_235,2048,-1,0,+INF,0,65535,0,-NAN,$05 $00 Pixel,$03 $05 Intensity counts,$f0 $05 Error counts,$f1 $00 Status,24
148,1309,0,0,1,95A7_2019-06-16_14-45-50_000_330,SAM_8586,SPECTRUM,RAW,,,2019-06-16 14:45:50,0,0,,,,,SAM Control,SAM_8586,No Mission,1,0,1,,DLAB_2018-04-12_09-33-02_217_812,DLAB_2018-04-12_15-39-16_217_235,2048,-1,0,+INF,0,65535,0,-NAN,$05 $00 Pixel,$03 $05 Intensity counts,$f0 $05 Error counts,$f1 $00 Status,24
149,1309,0,0,1,95A7_2019-06-16_14-45-50_000_330,SAM_8586,SPECTRUM,RAW,,,2019-06-16 14:45:50,0,0,,,,,SAM Control,SAM_8586,No Mission,1,0,1,,DLAB_2018-04-12_09-33-02_217_812,DLAB_2018-04-12_15-39-16_217_235,2048,-1,0,+INF,0,65535,0,-NAN,$05 $00 Pixel,$03 $05 Intensity counts,$f0 $05 Error counts,$f1 $00 Status,24
150,1312,0,0,1,95A7_2019-06-16_14-45-50_000_330,SAM_8586,SPECTRUM,RAW,,,2019-06-16 14:45:50,0,0,,,,,SAM Control,SAM_8586,No Mission,1,0,1,,DLAB_2018-04-12_09-33-02_217_812,DLAB_2018-04-12_15-39-16_217_235,2048,-1,0,+INF,0,65535,0,-NAN,$05 $00 Pixel,$03 $05 Intensity counts,$f0 $05 Error counts,$f1 $00 Status,24
151,1312,0,0,1,95A7_2019-06-16_14-45-50_000_330,SAM_8586,SPECTRUM,RAW,,,2019-06-16 14:45:50,0,0,,,,,SAM Control,SAM_8586,No Mission,1,0,1,,DLAB_2018-04-12_09-33-02_217_812,DLAB_2018-04-12_15-39-16_217_235,2048,-1,0,+INF,0,65535,0,-NAN,$05 $00 Pixel,$03 $05 Intensity counts,$f0 $05 Error counts,$f1 $00 Status,24
152,1307,0,0,1,95A7_2019-06-16_14-45-50_000_330,SAM_8586,SPECTRUM,RAW,,,2019-06-16 14:45:50,0,0,,,,,SAM Control,SAM_8586,No Mission,1,0,1,,DLAB_2018-04-12_09-33-02_217_812,DLAB_2018-04-12_15-39-16_217_235,2048,-1,0,+INF,0,65535,0,-NAN,$05 $00 Pixel,$03 $05 Intensity counts,$f0 $05 Error counts,$f1 $00 Status,24
153,1304,0,0,1,95A7_2019-06-16_14-45-50_000_330,SAM_8586,SPECTRUM,RAW,,,2019-06-16 14:45:50,0,0,,,,,SAM Control,SAM_8586,No Mission,1,0,1,,DLAB_2018-04-12_09-33-02_217_812,DLAB_2018-04-12_15-39-16_217_235,2048,-1,0,+INF,0,65535,0,-NAN,$05 $00 Pixel,$03 $05 Intensity counts,$f0 $05 Error counts,$f1 $00 Status,24
154,1304,0,0,1,95A7_2019-06-16_14-45-50_000_330,SAM_8586,SPECTRUM,RAW,,,2019-06-16 14:45:50,0,0,,,,,SAM Control,SAM_8586,No Mission,1,0,1,,DLAB_2018-04-12_09-33-02_217_812,DLAB_2018-04-12_15-39-16_217_235,2048,-1,0,+INF,0,65535,0,-NAN,$05 $00 Pixel,$03 $05 Intensity counts,$f0 $05 Error counts,$f1 $00 Status,24
155,1314,0,0,1,95A7_2019-06-16_14-45-50_000_330,SAM_8586,SPECTRUM,RAW,,,2019-06-16 14:45:50,0,0,,,,,SAM Control,SAM_8586,No Mission,1,0,1,,DLAB_2018-04-12_09-33-02_217_812,DLAB_2018-04-12_15-39-16_217_235,2048,-1,0,+INF,0,65535,0,-NAN,$05 $00 Pixel,$03 $05 Intensity counts,$f0 $05 Error counts,$f1 $00 Status,24
156,1309,0,0,1,95A7_2019-06-16_14-45-50_000_330,SAM_8586,SPECTRUM,RAW,,,2019-06-16 14:45:50,0,0,,,,,SAM Control,SAM_8586,No Mission,1,0,1,,DLAB_2018-04-12_09-33-02_217_812,DLAB_2018-04-12_15-39-16_217_235,2048,-1,0,+INF,0,65535,0,-NAN,$05 $00 Pixel,$03 $05 Intensity counts,$f0 $05 Error counts,$f1 $00 Status,24
157,1302,0,0,1,95A7_2019-06-16_14-45-50_000_330,SAM_8586,SPECTRUM,RAW,,,2019-06-16 14:45:50,0,0,,,,,SAM Control,SAM_8586,No Mission,1,0,1,,DLAB_2018-04-12_09-33-02_217_812,DLAB_2018-04-12_15-39-16_217_235,2048,-1,0,+INF,0,65535,0,-NAN,$05 $00 Pixel,$03 $05 Intensity counts,$f0 $05 Error counts,$f1 $00 Status,24
158,1300,0,0,1,95A7_2019-06-16_14-45-50_000_330,SAM_8586,SPECTRUM,RAW,,,2019-06-16 14:45:50,0,0,,,,,SAM Control,SAM_8586,No Mission,1,0,1,,DLAB_2018-04-12_09-33-02_217_812,DLAB_2018-04-12_15-39-16_217_235,2048,-1,0,+INF,0,65535,0,-NAN,$05 $00 Pixel,$03 $05 Intensity counts,$f0 $05 Error counts,$f1 $00 Status,24
159,1308,0,0,1,95A7_2019-06-16_14-45-50_000_330,SAM_8586,SPECTRUM,RAW,,,2019-06-16 14:45:50,0,0,,,,,SAM Control,SAM_8586,No Mission,1,0,1,,DLAB_2018-04-12_09-33-02_217_812,DLAB_2018-04-12_15-39-16_217_235,2048,-1,0,+INF,0,65535,0,-NAN,$05 $00 Pixel,$03 $05 Intensity counts,$f0 $05 Error counts,$f1 $00 Status,24
160,1307,0,0,1,95A7_2019-06-16_14-45-50_000_330,SAM_8586,SPECTRUM,RAW,,,2019-06-16 14:45:50,0,0,,,,,SAM Control,SAM_8586,No Mission,1,0,1,,DLAB_2018-04-12_09-33-02_217_812,DLAB_2018-04-12_15-39-16_217_235,2048,-1,0,+INF,0,65535,0,-NAN,$05 $00 Pixel,$03 $05 Intensity counts,$f0 $05 Error counts,$f1 $00 Status,24
161,1306,0,0,1,95A7_2019-06-16_14-45-50_000_330,SAM_8586,SPECTRUM,RAW,,,2019-06-16 14:45:50,0,0,,,,,SAM Control,SAM_8586,No Mission,1,0,1,,DLAB_2018-04-12_09-33-02_217_812,DLAB_2018-04-12_15-39-16_217_235,2048,-1,0,+INF,0,65535,0,-NAN,$05 $00 Pixel,$03 $05 Intensity counts,$f0 $05 Error counts,$f1 $00 Status,24
162,1306,0,0,1,95A7_2019-06-16_14-45-50_000_330,SAM_8586,SPECTRUM,RAW,,,2019-06-16 14:45:50,0,0,,,,,SAM Control,SAM_8586,No Mission,1,0,1,,DLAB_2018-04-12_09-33-02_217_812,DLAB_2018-04-12_15-39-16_217_235,2048,-1,0,+INF,0,65535,0,-NAN,$05 $00 Pixel,$03 $05 Intensity counts,$f0 $05 Error counts,$f1 $00 Status,24
163,1306,0,0,1,95A7_2019-06-16_14-45-50_000_330,SAM_8586,SPECTRUM,RAW,,,2019-06-16 14:45:50,0,0,,,,,SAM Control,SAM_8586,No Mission,1,0,1,,DLAB_2018-04-12_09-33-02_217_812,DLAB_2018-04-12_15-39-16_217_235,2048,-1,0,+INF,0,65535,0,-NAN,$05 $00 Pixel,$03 $05 Intensity counts,$f0 $05 Error counts,$f1 $00 Status,24
164,1306,0,0,1,95A7_2019-06-16_14-45-50_000_330,SAM_8586,SPECTRUM,RAW,,,2019-06-16 14:45:50,0,0,,,,,SAM Control,SAM_8586,No Mission,1,0,1,,DLAB_2018-04-12_09-33-02_217_812,DLAB_2018-04-12_15-39-16_217_235,2048,-1,0,+INF,0,65535,0,-NAN,$05 $00 Pixel,$03 $05 Intensity counts,$f0 $05 Error counts,$f1 $00 Status,24
165,1299,0,0,1,95A7_2019-06-16_14-45-50_000_330,SAM_8586,SPECTRUM,RAW,,,2019-06-16 14:45:50,0,0,,,,,SAM Control,SAM_8586,No Mission,1,0,1,,DLAB_2018-04-12_09-33-02_217_812,DLAB_2018-04-12_15-39-16_217_235,2048,-1,0,+INF,0,65535,0,-NAN,$05 $00 Pixel,$03 $05 Intensity counts,$f0 $05 Error counts,$f1 $00 Status,24
166,1306,0,0,1,95A7_2019-06-16_14-45-50_000_330,SAM_8586,SPECTRUM,RAW,,,2019-06-16 14:45:50,0,0,,,,,SAM Control,SAM_8586,No Mission,1,0,1,,DLAB_2018-04-12_09-33-02_217_812,DLAB_2018-04-12_15-39-16_217_235,2048,-1,0,+INF,0,65535,0,-NAN,$05 $00 Pixel,$03 $05 Intensity counts,$f0 $05 Error counts,$f1 $00 Status,24
167,1303,0,0,1,95A7_2019-06-16_14-45-50_000_330,SAM_8586,SPECTRUM,RAW,,,2019-06-16 14:45:50,0,0,,,,,SAM Control,SAM_8586,No Mission,1,0,1,,DLAB_2018-04-12_09-33-02_217_812,DLAB_2018-04-12_15-39-16_217_235,2048,-1,0,+INF,0,65535,0,-NAN,$05 $00 Pixel,$03 $05 Intensity counts,$f0 $05 Error counts,$f1 $00 Status,24
168,1302,0,0,1,95A7_2019-06-16_14-45-50_000_330,SAM_8586,SPECTRUM,RAW,,,2019-06-16 14:45:50,0,0,,,,,SAM Control,SAM_8586,No Mission,1,0,1,,DLAB_2018-04-12_09-33-02_217_812,DLAB_2018-04-12_15-39-16_217_235,2048,-1,0,+INF,0,65535,0,-NAN,$05 $00 Pixel,$03 $05 Intensity counts,$f0 $05 Error counts,$f1 $00 Status,24
169,1308,0,0,1,95A7_2019-06-16_14-45-50_000_330,SAM_8586,SPECTRUM,RAW,,,2019-06-16 14:45:50,0,0,,,,,SAM Control,SAM_8586,No Mission,1,0,1,,DLAB_2018-04-12_09-33-02_217_812,DLAB_2018-04-12_15-39-16_217_235,2048,-1,0,+INF,0,65535,0,-NAN,$05 $00 Pixel,$03 $05 Intensity counts,$f0 $05 Error counts,$f1 $00 Status,24
170,1297,0,0,1,95A7_2019-06-16_14-45-50_000_330,SAM_8586,SPECTRUM,RAW,,,2019-06-16 14:45:50,0,0,,,,,SAM Control,SAM_8586,No Mission,1,0,1,,DLAB_2018-04-12_09-33-02_217_812,DLAB_2018-04-12_15-39-16_217_235,2048,-1,0,+INF,0,65535,0,-NAN,$05 $00 Pixel,$03 $05 Intensity counts,$f0 $05 Error counts,$f1 $00 Status,24
171,1303,0,0,1,95A7_2019-06-16_14-45-50_000_330,SAM_8586,SPECTRUM,RAW,,,2019-06-16 14:45:50,0,0,,,,,SAM Control,SAM_8586,No Mission,1,0,1,,DLAB_2018-04-12_09-33-02_217_812,DLAB_2018-04-12_15-39-16_217_235,2048,-1,0,+INF,0,65535,0,-NAN,$05 $00 Pixel,$03 $05 Intensity counts,$f0 $05 Error counts,$f1 $00 Status,24
172,1304,0,0,1,95A7_2019-06-16_14-45-50_000_330,SAM_8586,SPECTRUM,RAW,,,2019-06-16 14:45:50,0,0,,,,,SAM Control,SAM_8586,No Mission,1,0,1,,DLAB_2018-04-12_09-33-02_217_812,DLAB_2018-04-12_15-39-16_217_235,2048,-1,0,+INF,0,65535,0,-NAN,$05 $00 Pixel,$03 $05 Intensity counts,$f0 $05 Error counts,$f1 $00 Status,24
173,1304,0,0,1,95A7_2019-06-16_14-45-50_000_330,SAM_8586,SPECTRUM,RAW,,,2019-06-16 14:45:50,0,0,,,,,SAM Control,SAM_8586,No Mission,1,0,1,,DLAB_2018-04-12_09-33-02_217_812,DLAB_2018-04-12_15-39-16_217_235,2048,-1,0,+INF,0,65535,0,-NAN,$05 $00 Pixel,$03 $05 Intensity counts,$f0 $05 Error counts,$f1 $00 Status,24
174,1308,0,0,1,95A7_2019-06-16_14-45-50_000_330,SAM_8586,SPECTRUM,RAW,,,2019-06-16 14:45:50,0,0,,,,,SAM Control,SAM_8586,No Mission,1,0,1,,DLAB_2018-04-12_09-33-02_217_812,DLAB_2018-04-12_15-39-16_217_235,2048,-1,0,+INF,0,65535,0,-NAN,$05 $00 Pixel,$03 $05 Intensity counts,$f0 $05 Error counts,$f1 $00 Status,24
175,1304,0,0,1,95A7_2019-06-16_14-45-50_000_330,SAM_8586,SPECTRUM,RAW,,,2019-06-16 14:45:50,0,0,,,,,SAM Control,SAM_8586,No Mission,1,0,1,,DLAB_2018-04-12_09-33-02_217_812,DLAB_2018-04-12_15-39-16_217_235,2048,-1,0,+INF,0,65535,0,-NAN,$05 $00 Pixel,$03 $05 Intensity counts,$f0 $05 Error counts,$f1 $00 Status,24
176,1308,0,0,1,95A7_2019-06-16_14-45-50_000_330,SAM_8586,SPECTRUM,RAW,,,2019-06-16 14:45:50,0,0,,,,,SAM Control,SAM_8586,No Mission,1,0,1,,DLAB_2018-04-12_09-33-02_217_812,DLAB_2018-04-12_15-39-16_217_235,2048,-1,0,+INF,0,65535,0,-NAN,$05 $00 Pixel,$03 $05 Intensity counts,$f0 $05 Error counts,$f1 $00 Status,24
177,1295,0,0,1,95A7_2019-06-16_14-45-50_000_330,SAM_8586,SPECTRUM,RAW,,,2019-06-16 14:45:50,0,0,,,,,SAM Control,SAM_8586,No Mission,1,0,1,,DLAB_2018-04-12_09-33-02_217_812,DLAB_2018-04-12_15-39-16_217_235,2048,-1,0,+INF,0,65535,0,-NAN,$05 $00 Pixel,$03 $05 Intensity counts,$f0 $05 Error counts,$f1 $00 Status,24
178,1302,0,0,1,95A7_2019-06-16_14-45-50_000_330,SAM_8586,SPECTRUM,RAW,,,2019-06-16 14:45:50,0,0,,,,,SAM Control,SAM_8586,No Mission,1,0,1,,DLAB_2018-04-12_09-33-02_217_812,DLAB_2018-04-12_15-39-16_217_235,2048,-1,0,+INF,0,65535,0,-NAN,$05 $00 Pixel,$03 $05 Intensity counts,$f0 $05 Error counts,$f1 $00 Status,24
179,1301,0,0,1,95A7_2019-06-16_14-45-50_000_330,SAM_8586,SPECTRUM,RAW,,,2019-06-16 14:45:50,0,0,,,,,SAM Control,SAM_8586,No Mission,1,0,1,,DLAB_2018-04-12_09-33-02_217_812,DLAB_2018-04-12_15-39-16_217_235,2048,-1,0,+INF,0,65535,0,-NAN,$05 $00 Pixel,$03 $05 Intensity counts,$f0 $05 Error counts,$f1 $00 Status,24
180,1300,0,0,1,95A7_2019-06-16_14-45-50_000_330,SAM_8586,SPECTRUM,RAW,,,2019-06-16 14:45:50,0,0,,,,,SAM Control,SAM_8586,No Mission,1,0,1,,DLAB_2018-04-12_09-33-02_217_812,DLAB_2018-04-12_15-39-16_217_235,2048,-1,0,+INF,0,65535,0,-NAN,$05 $00 Pixel,$03 $05 Intensity counts,$f0 $05 Error counts,$f1 $00 Status,24
181,1307,0,0,1,95A7_2019-06-16_14-45-50_000_330,SAM_8586,SPECTRUM,RAW,,,2019-06-16 14:45:50,0,0,,,,,SAM Control,SAM_8586,No Mission,1,0,1,,DLAB_2018-04-12_09-33-02_217_812,DLAB_2018-04-12_15-39-16_217_235,2048,-1,0,+INF,0,65535,0,-NAN,$05 $00 Pixel,$03 $05 Intensity counts,$f0 $05 Error counts,$f1 $00 Status,24
182,1302,0,0,1,95A7_2019-06-16_14-45-50_000_330,SAM_8586,SPECTRUM,RAW,,,2019-06-16 14:45:50,0,0,,,,,SAM Control,SAM_8586,No Mission,1,0,1,,DLAB_2018-04-12_09-33-02_217_812,DLAB_2018-04-12_15-39-16_217_235,2048,-1,0,+INF,0,65535,0,-NAN,$05 $00 Pixel,$03 $05 Intensity counts,$f0 $05 Error counts,$f1 $00 Status,24
183,1300,0,0,1,95A7_2019-06-16_14-45-50_000_330,SAM_8586,SPECTRUM,RAW,,,2019-06-16 14:45:50,0,0,,,,,SAM Control,SAM_8586,No Mission,1,0,1,,DLAB_2018-04-12_09-33-02_217_812,DLAB_2018-04-12_15-39-16_217_235,2048,-1,0,+INF,0,65535,0,-NAN,$05 $00 Pixel,$03 $05 Intensity counts,$f0 $05 Error counts,$f1 $00 Status,24
184,1310,0,0,1,95A7_2019-06-16_14-45-50_000_330,SAM_8586,SPECTRUM,RAW,,,2019-06-16 14:45:50,0,0,,,,,SAM Control,SAM_8586,No Mission,1,0,1,,DLAB_2018-04-12_09-33-02_217_812,DLAB_2018-04-12_15-39-16_217_235,2048,-1,0,+INF,0,65535,0,-NAN,$05 $00 Pixel,$03 $05 Intensity counts,$f0 $05 Error counts,$f1 $00 Status,24
185,1296,0,0,1,95A7_2019-06-16_14-45-50_000_330,SAM_8586,SPECTRUM,RAW,,,2019-06-16 14:45:50,0,0,,,,,SAM Control,SAM_8586,No Mission,1,0,1,,DLAB_2018-04-12_09-33-02_217_812,DLAB_2018-04-12_15-39-16_217_235,2048,-1,0,+INF,0,65535,0,-NAN,$05 $00 Pixel,$03 $05 Intensity counts,$f0 $05 Error counts,$f1 $00 Status,24
186,1299,0,0,1,95A7_2019-06-16_14-45-50_000_330,SAM_8586,SPECTRUM,RAW,,,2019-06-16 14:45:50,0,0,,,,,SAM Control,SAM_8586,No Mission,1,0,1,,DLAB_2018-04-12_09-33-02_217_812,DLAB_2018-04-12_15-39-16_217_235,2048,-1,0,+INF,0,65535,0,-NAN,$05 $00 Pixel,$03 $05 Intensity counts,$f0 $05 Error counts,$f1 $00 Status,24
187,1296,0,0,1,95A7_2019-06-16_14-45-50_000_330,SAM_8586,SPECTRUM,RAW,,,2019-06-16 14:45:50,0,0,,,,,SAM Control,SAM_8586,No Mission,1,0,1,,DLAB_2018-04-12_09-33-02_217_812,DLAB_2018-04-12_15-39-16_217_235,2048,-1,0,+INF,0,65535,0,-NAN,$05 $00 Pixel,$03 $05 Intensity counts,$f0 $05 Error counts,$f1 $00 Status,24
188,1293,0,0,1,95A7_2019-06-16_14-45-50_000_330,SAM_8586,SPECTRUM,RAW,,,2019-06-16 14:45:50,0,0,,,,,SAM Control,SAM_8586,No Mission,1,0,1,,DLAB_2018-04-12_09-33-02_217_812,DLAB_2018-04-12_15-39-16_217_235,2048,-1,0,+INF,0,65535,0,-NAN,$05 $00 Pixel,$03 $05 Intensity counts,$f0 $05 Error counts,$f1 $00 Status,24
189,1302,0,0,1,95A7_2019-06-16_14-45-50_000_330,SAM_8586,SPECTRUM,RAW,,,2019-06-16 14:45:50,0,0,,,,,SAM Control,SAM_8586,No Mission,1,0,1,,DLAB_2018-04-12_09-33-02_217_812,DLAB_2018-04-12_15-39-16_217_235,2048,-1,0,+INF,0,65535,0,-NAN,$05 $00 Pixel,$03 $05 Intensity counts,$f0 $05 Error counts,$f1 $00 Status,24
190,1303,0,0,1,95A7_2019-06-16_14-45-50_000_330,SAM_8586,SPECTRUM,RAW,,,2019-06-16 14:45:50,0,0,,,,,SAM Control,SAM_8586,No Mission,1,0,1,,DLAB_2018-04-12_09-33-02_217_812,DLAB_2018-04-12_15-39-16_217_235,2048,-1,0,+INF,0,65535,0,-NAN,$05 $00 Pixel,$03 $05 Intensity counts,$f0 $05 Error counts,$f1 $00 Status,24
191,1304,0,0,1,95A7_2019-06-16_14-45-50_000_330,SAM_8586,SPECTRUM,RAW,,,2019-06-16 14:45:50,0,0,,,,,SAM Control,SAM_8586,No Mission,1,0,1,,DLAB_2018-04-12_09-33-02_217_812,DLAB_2018-04-12_15-39-16_217_235,2048,-1,0,+INF,0,65535,0,-NAN,$05 $00 Pixel,$03 $05 Intensity counts,$f0 $05 Error counts,$f1 $00 Status,24
192,1303,0,0,1,95A7_2019-06-16_14-45-50_000_330,SAM_8586,SPECTRUM,RAW,,,2019-06-16 14:45:50,0,0,,,,,SAM Control,SAM_8586,No Mission,1,0,1,,DLAB_2018-04-12_09-33-02_217_812,DLAB_2018-04-12_15-39-16_217_235,2048,-1,0,+INF,0,65535,0,-NAN,$05 $00 Pixel,$03 $05 Intensity counts,$f0 $05 Error counts,$f1 $00 Status,24
193,1304,0,0,1,95A7_2019-06-16_14-45-50_000_330,SAM_8586,SPECTRUM,RAW,,,2019-06-16 14:45:50,0,0,,,,,SAM Control,SAM_8586,No Mission,1,0,1,,DLAB_2018-04-12_09-33-02_217_812,DLAB_2018-04-12_15-39-16_217_235,2048,-1,0,+INF,0,65535,0,-NAN,$05 $00 Pixel,$03 $05 Intensity counts,$f0 $05 Error counts,$f1 $00 Status,24
194,1300,0,0,1,95A7_2019-06-16_14-45-50_000_330,SAM_8586,SPECTRUM,RAW,,,2019-06-16 14:45:50,0,0,,,,,SAM Control,SAM_8586,No Mission,1,0,1,,DLAB_2018-04-12_09-33-02_217_812,DLAB_2018-04-12_15-39-16_217_235,2048,-1,0,+INF,0,65535,0,-NAN,$05 $00 Pixel,$03 $05 Intensity counts,$f0 $05 Error counts,$f1 $00 Status,24
195,1296,0,0,1,95A7_2019-06-16_14-45-50_000_330,SAM_8586,SPECTRUM,RAW,,,2019-06-16 14:45:50,0,0,,,,,SAM Control,SAM_8586,No Mission,1,0,1,,DLAB_2018-04-12_09-33-02_217_812,DLAB_2018-04-12_15-39-16_217_235,2048,-1,0,+INF,0,65535,0,-NAN,$05 $00 Pixel,$03 $05 Intensity counts,$f0 $05 Error counts,$f1 $00 Status,24
196,1304,0,0,1,95A7_2019-06-16_14-45-50_000_330,SAM_8586,SPECTRUM,RAW,,,2019-06-16 14:45:50,0,0,,,,,SAM Control,SAM_8586,No Mission,1,0,1,,DLAB_2018-04-12_09-33-02_217_812,DLAB_2018-04-12_15-39-16_217_235,2048,-1,0,+INF,0,65535,0,-NAN,$05 $00 Pixel,$03 $05 Intensity counts,$f0 $05 Error counts,$f1 $00 Status,24
197,1298,0,0,1,95A7_2019-06-16_14-45-50_000_330,SAM_8586,SPECTRUM,RAW,,,2019-06-16 14:45:50,0,0,,,,,SAM Control,SAM_8586,No Mission,1,0,1,,DLAB_2018-04-12_09-33-02_217_812,DLAB_2018-04-12_15-39-16_217_235,2048,-1,0,+INF,0,65535,0,-NAN,$05 $00 Pixel,$03 $05 Intensity counts,$f0 $05 Error counts,$f1 $00 Status,24
198,1300,0,0,1,95A7_2019-06-16_14-45-50_000_330,SAM_8586,SPECTRUM,RAW,,,2019-06-16 14:45:50,0,0,,,,,SAM Control,SAM_8586,No Mission,1,0,1,,DLAB_2018-04-12_09-33-02_217_812,DLAB_2018-04-12_15-39-16_217_235,2048,-1,0,+INF,0,65535,0,-NAN,$05 $00 Pixel,$03 $05 Intensity counts,$f0 $05 Error counts,$f1 $00 Status,24
199,1304,0,0,1,95A7_2019-06-16_14-45-50_000_330,SAM_8586,SPECTRUM,RAW,,,2019-06-16 14:45:50,0,0,,,,,SAM Control,SAM_8586,No Mission,1,0,1,,DLAB_2018-04-12_09-33-02_217_812,DLAB_2018-04-12_15-39-16_217_235,2048,-1,0,+INF,0,65535,0,-NAN,$05 $00 Pixel,$03 $05 Intensity counts,$f0 $05 Error counts,$f1 $00 Status,24
200,1297,0,0,1,95A7_2019-06-16_14-45-50_000_330,SAM_8586,SPECTRUM,RAW,,,2019-06-16 14:45:50,0,0,,,,,SAM Control,SAM_8586,No Mission,1,0,1,,DLAB_2018-04-12_09-33-02_217_812,DLAB_2018-04-12_15-39-16_217_235,2048,-1,0,+INF,0,65535,0,-NAN,$05 $00 Pixel,$03 $05 Intensity counts,$f0 $05 Error counts,$f1 $00 Status,24
201,1304,0,0,1,95A7_2019-06-16_14-45-50_000_330,SAM_8586,SPECTRUM,RAW,,,2019-06-16 14:45:50,0,0,,,,,SAM Control,SAM_8586,No Mission,1,0,1,,DLAB_2018-04-12_09-33-02_217_812,DLAB_2018-04-12_15-39-16_217_235,2048,-1,0,+INF,0,65535,0,-NAN,$05 $00 Pixel,$03 $05 Intensity counts,$f0 $05 Error counts,$f1 $00 Status,24
202,1299,0,0,1,95A7_2019-06-16_14-45-50_000_330,SAM_8586,SPECTRUM,RAW,,,2019-06-16 14:45:50,0,0,,,,,SAM Control,SAM_8586,No Mission,1,0,1,,DLAB_2018-04-12_09-33-02_217_812,DLAB_2018-04-12_15-39-16_217_235,2048,-1,0,+INF,0,65535,0,-NAN,$05 $00 Pixel,$03 $05 Intensity counts,$f0 $05 Error counts,$f1 $00 Status,24
203,1301,0,0,1,95A7_2019-06-16_14-45-50_000_330,SAM_8586,SPECTRUM,RAW,,,2019-06-16 14:45:50,0,0,,,,,SAM Control,SAM_8586,No Mission,1,0,1,,DLAB_2018-04-12_09-33-02_217_812,DLAB_2018-04-12_15-39-16_217_235,2048,-1,0,+INF,0,65535,0,-NAN,$05 $00 Pixel,$03 $05 Intensity counts,$f0 $05 Error counts,$f1 $00 Status,24
204,1300,0,0,1,95A7_2019-06-16_14-45-50_000_330,SAM_8586,SPECTRUM,RAW,,,2019-06-16 14:45:50,0,0,,,,,SAM Control,SAM_8586,No Mission,1,0,1,,DLAB_2018-04-12_09-33-02_217_812,DLAB_2018-04-12_15-39-16_217_235,2048,-1,0,+INF,0,65535,0,-NAN,$05 $00 Pixel,$03 $05 Intensity counts,$f0 $05 Error counts,$f1 $00 Status,24
205,1306,0,0,1,95A7_2019-06-16_14-45-50_000_330,SAM_8586,SPECTRUM,RAW,,,2019-06-16 14:45:50,0,0,,,,,SAM Control,SAM_8586,No Mission,1,0,1,,DLAB_2018-04-12_09-33-02_217_812,DLAB_2018-04-12_15-39-16_217_235,2048,-1,0,+INF,0,65535,0,-NAN,$05 $00 Pixel,$03 $05 Intensity counts,$f0 $05 Error counts,$f1 $00 Status,24
206,1308,0,0,1,95A7_2019-06-16_14-45-50_000_330,SAM_8586,SPECTRUM,RAW,,,2019-06-16 14:45:50,0,0,,,,,SAM Control,SAM_8586,No Mission,1,0,1,,DLAB_2018-04-12_09-33-02_217_812,DLAB_2018-04-12_15-39-16_217_235,2048,-1,0,+INF,0,65535,0,-NAN,$05 $00 Pixel,$03 $05 Intensity counts,$f0 $05 Error counts,$f1 $00 Status,24
207,1298,0,0,1,95A7_2019-06-16_14-45-50_000_330,SAM_8586,SPECTRUM,RAW,,,2019-06-16 14:45:50,0,0,,,,,SAM Control,SAM_8586,No Mission,1,0,1,,DLAB_2018-04-12_09-33-02_217_812,DLAB_2018-04-12_15-39-16_217_235,2048,-1,0,+INF,0,65535,0,-NAN,$05 $00 Pixel,$03 $05 Intensity counts,$f0 $05 Error counts,$f1 $00 Status,24
208,1300,0,0,1,95A7_2019-06-16_14-45-50_000_330,SAM_8586,SPECTRUM,RAW,,,2019-06-16 14:45:50,0,0,,,,,SAM Control,SAM_8586,No Mission,1,0,1,,DLAB_2018-04-12_09-33-02_217_812,DLAB_2018-04-12_15-39-16_217_235,2048,-1,0,+INF,0,65535,0,-NAN,$05 $00 Pixel,$03 $05 Intensity counts,$f0 $05 Error counts,$f1 $00 Status,24
209,1304,0,0,1,95A7_2019-06-16_14-45-50_000_330,SAM_8586,SPECTRUM,RAW,,,2019-06-16 14:45:50,0,0,,,,,SAM Control,SAM_8586,No Mission,1,0,1,,DLAB_2018-04-12_09-33-02_217_812,DLAB_2018-04-12_15-39-16_217_235,2048,-1,0,+INF,0,65535,0,-NAN,$05 $00 Pixel,$03 $05 Intensity counts,$f0 $05 Error counts,$f1 $00 Status,24
210,1305,0,0,1,95A7_2019-06-16_14-45-50_000_330,SAM_8586,SPECTRUM,RAW,,,2019-06-16 14:45:50,0,0,,,,,SAM Control,SAM_8586,No Mission,1,0,1,,DLAB_2018-04-12_09-33-02_217_812,DLAB_2018-04-12_15-39-16_217_235,2048,-1,0,+INF,0,65535,0,-NAN,$05 $00 Pixel,$03 $05 Intensity counts,$f0 $05 Error counts,$f1 $00 Status,24
211,1297,0,0,1,95A7_2019-06-16_14-45-50_000_330,SAM_8586,SPECTRUM,RAW,,,2019-06-16 14:45:50,0,0,,,,,SAM Control,SAM_8586,No Mission,1,0,1,,DLAB_2018-04-12_09-33-02_217_812,DLAB_2018-04-12_15-39-16_217_235,2048,-1,0,+INF,0,65535,0,-NAN,$05 $00 Pixel,$03 $05 Intensity counts,$f0 $05 Error counts,$f1 $00 Status,24
212,1302,0,0,1,95A7_2019-06-16_14-45-50_000_330,SAM_8586,SPECTRUM,RAW,,,2019-06-16 14:45:50,0,0,,,,,SAM Control,SAM_8586,No Mission,1,0,1,,DLAB_2018-04-12_09-33-02_217_812,DLAB_2018-04-12_15-39-16_217_235,2048,-1,0,+INF,0,65535,0,-NAN,$05 $00 Pixel,$03 $05 Intensity counts,$f0 $05 Error counts,$f1 $00 Status,24
213,1304,0,0,1,95A7_2019-06-16_14-45-50_000_330,SAM_8586,SPECTRUM,RAW,,,2019-06-16 14:45:50,0,0,,,,,SAM Control,SAM_8586,No Mission,1,0,1,,DLAB_2018-04-12_09-33-02_217_812,DLAB_2018-04-12_15-39-16_217_235,2048,-1,0,+INF,0,65535,0,-NAN,$05 $00 Pixel,$03 $05 Intensity counts,$f0 $05 Error counts,$f1 $00 Status,24
214,1302,0,0,1,95A7_2019-06-16_14-45-50_000_330,SAM_8586,SPECTRUM,RAW,,,2019-06-16 14:45:50,0,0,,,,,SAM Control,SAM_8586,No Mission,1,0,1,,DLAB_2018-04-12_09-33-02_217_812,DLAB_2018-04-12_15-39-16_217_235,2048,-1,0,+INF,0,65535,0,-NAN,$05 $00 Pixel,$03 $05 Intensity counts,$f0 $05 Error counts,$f1 $00 Status,24
215,1306,0,0,1,95A7_2019-06-16_14-45-50_000_330,SAM_8586,SPECTRUM,RAW,,,2019-06-16 14:45:50,0,0,,,,,SAM Control,SAM_8586,No Mission,1,0,1,,DLAB_2018-04-12_09-33-02_217_812,DLAB_2018-04-12_15-39-16_217_235,2048,-1,0,+INF,0,65535,0,-NAN,$05 $00 Pixel,$03 $05 Intensity counts,$f0 $05 Error counts,$f1 $00 Status,24
216,1300,0,0,1,95A7_2019-06-16_14-45-50_000_330,SAM_8586,SPECTRUM,RAW,,,2019-06-16 14:45:50,0,0,,,,,SAM Control,SAM_8586,No Mission,1,0,1,,DLAB_2018-04-12_09-33-02_217_812,DLAB_2018-04-12_15-39-16_217_235,2048,-1,0,+INF,0,65535,0,-NAN,$05 $00 Pixel,$03 $05 Intensity counts,$f0 $05 Error counts,$f1 $00 Status,24
217,1306,0,0,1,95A7_2019-06-16_14-45-50_000_330,SAM_8586,SPECTRUM,RAW,,,2019-06-16 14:45:50,0,0,,,,,SAM Control,SAM_8586,No Mission,1,0,1,,DLAB_2018-04-12_09-33-02_217_812,DLAB_2018-04-12_15-39-16_217_235,2048,-1,0,+INF,0,65535,0,-NAN,$05 $00 Pixel,$03 $05 Intensity counts,$f0 $05 Error counts,$f1 $00 Status,24
218,1298,0,0,1,95A7_2019-06-16_14-45-50_000_330,SAM_8586,SPECTRUM,RAW,,,2019-06-16 14:45:50,0,0,,,,,SAM Control,SAM_8586,No Mission,1,0,1,,DLAB_2018-04-12_09-33-02_217_812,DLAB_2018-04-12_15-39-16_217_235,2048,-1,0,+INF,0,65535,0,-NAN,$05 $00 Pixel,$03 $05 Intensity counts,$f0 $05 Error counts,$f1 $00 Status,24
219,1301,0,0,1,95A7_2019-06-16_14-45-50_000_330,SAM_8586,SPECTRUM,RAW,,,2019-06-16 14:45:50,0,0,,,,,SAM Control,SAM_8586,No Mission,1,0,1,,DLAB_2018-04-12_09-33-02_217_812,DLAB_2018-04-12_15-39-16_217_235,2048,-1,0,+INF,0,65535,0,-NAN,$05 $00 Pixel,$03 $05 Intensity counts,$f0 $05 Error counts,$f1 $00 Status,24
220,1300,0,0,1,95A7_2019-06-16_14-45-50_000_330,SAM_8586,SPECTRUM,RAW,,,2019-06-16 14:45:50,0,0,,,,,SAM Control,SAM_8586,No Mission,1,0,1,,DLAB_2018-04-12_09-33-02_217_812,DLAB_2018-04-12_15-39-16_217_235,2048,-1,0,+INF,0,65535,0,-NAN,$05 $00 Pixel,$03 $05 Intensity counts,$f0 $05 Error counts,$f1 $00 Status,24
221,1301,0,0,1,95A7_2019-06-16_14-45-50_000_330,SAM_8586,SPECTRUM,RAW,,,2019-06-16 14:45:50,0,0,,,,,SAM Control,SAM_8586,No Mission,1,0,1,,DLAB_2018-04-12_09-33-02_217_812,DLAB_2018-04-12_15-39-16_217_235,2048,-1,0,+INF,0,65535,0,-NAN,$05 $00 Pixel,$03 $05 Intensity counts,$f0 $05 Error counts,$f1 $00 Status,24
222,1304,0,0,1,95A7_2019-06-16_14-45-50_000_330,SAM_8586,SPECTRUM,RAW,,,2019-06-16 14:45:50,0,0,,,,,SAM Control,SAM_8586,No Mission,1,0,1,,DLAB_2018-04-12_09-33-02_217_812,DLAB_2018-04-12_15-39-16_217_235,2048,-1,0,+INF,0,65535,0,-NAN,$05 $00 Pixel,$03 $05 Intensity counts,$f0 $05 Error counts,$f1 $00 Status,24
223,1300,0,0,1,95A7_2019-06-16_14-45-50_000_330,SAM_8586,SPECTRUM,RAW,,,2019-06-16 14:45:50,0,0,,,,,SAM Control,SAM_8586,No Mission,1,0,1,,DLAB_2018-04-12_09-33-02_217_812,DLAB_2018-04-12_15-39-16_217_235,2048,-1,0,+INF,0,65535,0,-NAN,$05 $00 Pixel,$03 $05 Intensity counts,$f0 $05 Error counts,$f1 $00 Status,24
224,1303,0,0,1,95A7_2019-06-16_14-45-50_000_330,SAM_8586,SPECTRUM,RAW,,,2019-06-16 14:45:50,0,0,,,,,SAM Control,SAM_8586,No Mission,1,0,1,,DLAB_2018-04-12_09-33-02_217_812,DLAB_2018-04-12_15-39-16_217_235,2048,-1,0,+INF,0,65535,0,-NAN,$05 $00 Pixel,$03 $05 Intensity counts,$f0 $05 Error counts,$f1 $00 Status,24
225,1303,0,0,1,95A7_2019-06-16_14-45-50_000_330,SAM_8586,SPECTRUM,RAW,,,2019-06-16 14:45:50,0,0,,,,,SAM Control,SAM_8586,No Mission,1,0,1,,DLAB_2018-04-12_09-33-02_217_812,DLAB_2018-04-12_15-39-16_217_235,2048,-1,0,+INF,0,65535,0,-NAN,$05 $00 Pixel,$03 $05 Intensity counts,$f0 $05 Error counts,$f1 $00 Status,24
226,1367,0,0,1,95A7_2019-06-16_14-45-50_000_330,SAM_8586,SPECTRUM,RAW,,,2019-06-16 14:45:50,0,0,,,,,SAM Control,SAM_8586,No Mission,1,0,1,,DLAB_2018-04-12_09-33-02_217_812,DLAB_2018-04-12_15-39-16_217_235,2048,-1,0,+INF,0,65535,0,-NAN,$05 $00 Pixel,$03 $05 Intensity counts,$f0 $05 Error counts,$f1 $00 Status,24
227,1300,0,0,1,95A7_2019-06-16_14-45-50_000_330,SAM_8586,SPECTRUM,RAW,,,2019-06-16 14:45:50,0,0,,,,,SAM Control,SAM_8586,No Mission,1,0,1,,DLAB_2018-04-12_09-33-02_217_812,DLAB_2018-04-12_15-39-16_217_235,2048,-1,0,+INF,0,65535,0,-NAN,$05 $00 Pixel,$03 $05 Intensity counts,$f0 $05 Error counts,$f1 $00 Status,24
228,1330,0,0,1,95A7_2019-06-16_14-45-50_000_330,SAM_8586,SPECTRUM,RAW,,,2019-06-16 14:45:50,0,0,,,,,SAM Control,SAM_8586,No Mission,1,0,1,,DLAB_2018-04-12_09-33-02_217_812,DLAB_2018-04-12_15-39-16_217_235,2048,-1,0,+INF,0,65535,0,-NAN,$05 $00 Pixel,$03 $05 Intensity counts,$f0 $05 Error counts,$f1 $00 Status,24
229,1308,0,0,1,95A7_2019-06-16_14-45-50_000_330,SAM_8586,SPECTRUM,RAW,,,2019-06-16 14:45:50,0,0,,,,,SAM Control,SAM_8586,No Mission,1,0,1,,DLAB_2018-04-12_09-33-02_217_812,DLAB_2018-04-12_15-39-16_217_235,2048,-1,0,+INF,0,65535,0,-NAN,$05 $00 Pixel,$03 $05 Intensity counts,$f0 $05 Error counts,$f1 $00 Status,24
230,1310,0,0,1,95A7_2019-06-16_14-45-50_000_330,SAM_8586,SPECTRUM,RAW,,,2019-06-16 14:45:50,0,0,,,,,SAM Control,SAM_8586,No Mission,1,0,1,,DLAB_2018-04-12_09-33-02_217_812,DLAB_2018-04-12_15-39-16_217_235,2048,-1,0,+INF,0,65535,0,-NAN,$05 $00 Pixel,$03 $05 Intensity counts,$f0 $05 Error counts,$f1 $00 Status,24
231,1287,0,0,1,95A7_2019-06-16_14-45-50_000_330,SAM_8586,SPECTRUM,RAW,,,2019-06-16 14:45:50,0,0,,,,,SAM Control,SAM_8586,No Mission,1,0,1,,DLAB_2018-04-12_09-33-02_217_812,DLAB_2018-04-12_15-39-16_217_235,2048,-1,0,+INF,0,65535,0,-NAN,$05 $00 Pixel,$03 $05 Intensity counts,$f0 $05 Error counts,$f1 $00 Status,24
232,1284,0,0,1,95A7_2019-06-16_14-45-50_000_330,SAM_8586,SPECTRUM,RAW,,,2019-06-16 14:45:50,0,0,,,,,SAM Control,SAM_8586,No Mission,1,0,1,,DLAB_2018-04-12_09-33-02_217_812,DLAB_2018-04-12_15-39-16_217_235,2048,-1,0,+INF,0,65535,0,-NAN,$05 $00 Pixel,$03 $05 Intensity counts,$f0 $05 Error counts,$f1 $00 Status,24
233,1274,0,0,1,95A7_2019-06-16_14-45-50_000_330,SAM_8586,SPECTRUM,RAW,,,2019-06-16 14:45:50,0,0,,,,,SAM Control,SAM_8586,No Mission,1,0,1,,DLAB_2018-04-12_09-33-02_217_812,DLAB_2018-04-12_15-39-16_217_235,2048,-1,0,+INF,0,65535,0,-NAN,$05 $00 Pixel,$03 $05 Intensity counts,$f0 $05 Error counts,$f1 $00 Status,24
234,1271,0,0,1,95A7_2019-06-16_14-45-50_000_330,SAM_8586,SPECTRUM,RAW,,,2019-06-16 14:45:50,0,0,,,,,SAM Control,SAM_8586,No Mission,1,0,1,,DLAB_2018-04-12_09-33-02_217_812,DLAB_2018-04-12_15-39-16_217_235,2048,-1,0,+INF,0,65535,0,-NAN,$05 $00 Pixel,$03 $05 Intensity counts,$f0 $05 Error counts,$f1 $00 Status,24
235,1282,0,0,1,95A7_2019-06-16_14-45-50_000_330,SAM_8586,SPECTRUM,RAW,,,2019-06-16 14:45:50,0,0,,,,,SAM Control,SAM_8586,No Mission,1,0,1,,DLAB_2018-04-12_09-33-02_217_812,DLAB_2018-04-12_15-39-16_217_235,2048,-1,0,+INF,0,65535,0,-NAN,$05 $00 Pixel,$03 $05 Intensity counts,$f0 $05 Error counts,$f1 $00 Status,24
236,1293,0,0,1,95A7_2019-06-16_14-45-50_000_330,SAM_8586,SPECTRUM,RAW,,,2019-06-16 14:45:50,0,0,,,,,SAM Control,SAM_8586,No Mission,1,0,1,,DLAB_2018-04-12_09-33-02_217_812,DLAB_2018-04-12_15-39-16_217_235,2048,-1,0,+INF,0,65535,0,-NAN,$05 $00 Pixel,$03 $05 Intensity counts,$f0 $05 Error counts,$f1 $00 Status,24
237,1299,0,0,1,95A7_2019-06-16_14-45-50_000_330,SAM_8586,SPECTRUM,RAW,,,2019-06-16 14:45:50,0,0,,,,,SAM Control,SAM_8586,No Mission,1,0,1,,DLAB_2018-04-12_09-33-02_217_812,DLAB_2018-04-12_15-39-16_217_235,2048,-1,0,+INF,0,65535,0,-NAN,$05 $00 Pixel,$03 $05 Intensity counts,$f0 $05 Error counts,$f1 $00 Status,24
238,1315,0,0,1,95A7_2019-06-16_14-45-50_000_330,SAM_8586,SPECTRUM,RAW,,,2019-06-16 14:45:50,0,0,,,,,SAM Control,SAM_8586,No Mission,1,0,1,,DLAB_2018-04-12_09-33-02_217_812,DLAB_2018-04-12_15-39-16_217_235,2048,-1,0,+INF,0,65535,0,-NAN,$05 $00 Pixel,$03 $05 Intensity counts,$f0 $05 Error counts,$f1 $00 Status,24
239,1320,0,0,1,95A7_2019-06-16_14-45-50_000_330,SAM_8586,SPECTRUM,RAW,,,2019-06-16 14:45:50,0,0,,,,,SAM Control,SAM_8586,No Mission,1,0,1,,DLAB_2018-04-12_09-33-02_217_812,DLAB_2018-04-12_15-39-16_217_235,2048,-1,0,+INF,0,65535,0,-NAN,$05 $00 Pixel,$03 $05 Intensity counts,$f0 $05 Error counts,$f1 $00 Status,24
240,1318,0,0,1,95A7_2019-06-16_14-45-50_000_330,SAM_8586,SPECTRUM,RAW,,,2019-06-16 14:45:50,0,0,,,,,SAM Control,SAM_8586,No Mission,1,0,1,,DLAB_2018-04-12_09-33-02_217_812,DLAB_2018-04-12_15-39-16_217_235,2048,-1,0,+INF,0,65535,0,-NAN,$05 $00 Pixel,$03 $05 Intensity counts,$f0 $05 Error counts,$f1 $00 Status,24
241,1310,0,0,1,95A7_2019-06-16_14-45-50_000_330,SAM_8586,SPECTRUM,RAW,,,2019-06-16 14:45:50,0,0,,,,,SAM Control,SAM_8586,No Mission,1,0,1,,DLAB_2018-04-12_09-33-02_217_812,DLAB_2018-04-12_15-39-16_217_235,2048,-1,0,+INF,0,65535,0,-NAN,$05 $00 Pixel,$03 $05 Intensity counts,$f0 $05 Error counts,$f1 $00 Status,24
242,1323,0,0,1,95A7_2019-06-16_14-45-50_000_330,SAM_8586,SPECTRUM,RAW,,,2019-06-16 14:45:50,0,0,,,,,SAM Control,SAM_8586,No Mission,1,0,1,,DLAB_2018-04-12_09-33-02_217_812,DLAB_2018-04-12_15-39-16_217_235,2048,-1,0,+INF,0,65535,0,-NAN,$05 $00 Pixel,$03 $05 Intensity counts,$f0 $05 Error counts,$f1 $00 Status,24
243,1314,0,0,1,95A7_2019-06-16_14-45-50_000_330,SAM_8586,SPECTRUM,RAW,,,2019-06-16 14:45:50,0,0,,,,,SAM Control,SAM_8586,No Mission,1,0,1,,DLAB_2018-04-12_09-33-02_217_812,DLAB_2018-04-12_15-39-16_217_235,2048,-1,0,+INF,0,65535,0,-NAN,$05 $00 Pixel,$03 $05 Intensity counts,$f0 $05 Error counts,$f1 $00 Status,24
244,1304,0,0,1,95A7_2019-06-16_14-45-50_000_330,SAM_8586,SPECTRUM,RAW,,,2019-06-16 14:45:50,0,0,,,,,SAM Control,SAM_8586,No Mission,1,0,1,,DLAB_2018-04-12_09-33-02_217_812,DLAB_2018-04-12_15-39-16_217_235,2048,-1,0,+INF,0,65535,0,-NAN,$05 $00 Pixel,$03 $05 Intensity counts,$f0 $05 Error counts,$f1 $00 Status,24
245,1286,0,0,1,95A7_2019-06-16_14-45-50_000_330,SAM_8586,SPECTRUM,RAW,,,2019-06-16 14:45:50,0,0,,,,,SAM Control,SAM_8586,No Mission,1,0,1,,DLAB_2018-04-12_09-33-02_217_812,DLAB_2018-04-12_15-39-16_217_235,2048,-1,0,+INF,0,65535,0,-NAN,$05 $00 Pixel,$03 $05 Intensity counts,$f0 $05 Error counts,$f1 $00 Status,24
246,1280,0,0,1,95A7_2019-06-16_14-45-50_000_330,SAM_8586,SPECTRUM,RAW,,,2019-06-16 14:45:50,0,0,,,,,SAM Control,SAM_8586,No Mission,1,0,1,,DLAB_2018-04-12_09-33-02_217_812,DLAB_2018-04-12_15-39-16_217_235,2048,-1,0,+INF,0,65535,0,-NAN,$05 $00 Pixel,$03 $05 Intensity counts,$f0 $05 Error counts,$f1 $00 Status,24
247,1274,0,0,1,95A7_2019-06-16_14-45-50_000_330,SAM_8586,SPECTRUM,RAW,,,2019-06-16 14:45:50,0,0,,,,,SAM Control,SAM_8586,No Mission,1,0,1,,DLAB_2018-04-12_09-33-02_217_812,DLAB_2018-04-12_15-39-16_217_235,2048,-1,0,+INF,0,65535,0,-NAN,$05 $00 Pixel,$03 $05 Intensity counts,$f0 $05 Error counts,$f1 $00 Status,24
248,1276,0,0,1,95A7_2019-06-16_14-45-50_000_330,SAM_8586,SPECTRUM,RAW,,,2019-06-16 14:45:50,0,0,,,,,SAM Control,SAM_8586,No Mission,1,0,1,,DLAB_2018-04-12_09-33-02_217_812,DLAB_2018-04-12_15-39-16_217_235,2048,-1,0,+INF,0,65535,0,-NAN,$05 $00 Pixel,$03 $05 Intensity counts,$f0 $05 Error counts,$f1 $00 Status,24
249,1275,0,0,1,95A7_2019-06-16_14-45-50_000_330,SAM_8586,SPECTRUM,RAW,,,2019-06-16 14:45:50,0,0,,,,,SAM Control,SAM_8586,No Mission,1,0,1,,DLAB_2018-04-12_09-33-02_217_812,DLAB_2018-04-12_15-39-16_217_235,2048,-1,0,+INF,0,65535,0,-NAN,$05 $00 Pixel,$03 $05 Intensity counts,$f0 $05 Error counts,$f1 $00 Status,24
250,1283,0,0,1,95A7_2019-06-16_14-45-50_000_330,SAM_8586,SPECTRUM,RAW,,,2019-06-16 14:45:50,0,0,,,,,SAM Control,SAM_8586,No Mission,1,0,1,,DLAB_2018-04-12_09-33-02_217_812,DLAB_2018-04-12_15-39-16_217_235,2048,-1,0,+INF,0,65535,0,-NAN,$05 $00 Pixel,$03 $05 Intensity counts,$f0 $05 Error counts,$f1 $00 Status,24
251,1289,0,0,1,95A7_2019-06-16_14-45-50_000_330,SAM_8586,SPECTRUM,RAW,,,2019-06-16 14:45:50,0,0,,,,,SAM Control,SAM_8586,No Mission,1,0,1,,DLAB_2018-04-12_09-33-02_217_812,DLAB_2018-04-12_15-39-16_217_235,2048,-1,0,+INF,0,65535,0,-NAN,$05 $00 Pixel,$03 $05 Intensity counts,$f0 $05 Error counts,$f1 $00 Status,24
252,1302,0,0,1,95A7_2019-06-16_14-45-50_000_330,SAM_8586,SPECTRUM,RAW,,,2019-06-16 14:45:50,0,0,,,,,SAM Control,SAM_8586,No Mission,1,0,1,,DLAB_2018-04-12_09-33-02_217_812,DLAB_2018-04-12_15-39-16_217_235,2048,-1,0,+INF,0,65535,0,-NAN,$05 $00 Pixel,$03 $05 Intensity counts,$f0 $05 Error counts,$f1 $00 Status,24
253,1312,0,0,1,95A7_2019-06-16_14-45-50_000_330,SAM_8586,SPECTRUM,RAW,,,2019-06-16 14:45:50,0,0,,,,,SAM Control,SAM_8586,No Mission,1,0,1,,DLAB_2018-04-12_09-33-02_217_812,DLAB_2018-04-12_15-39-16_217_235,2048,-1,0,+INF,0,65535,0,-NAN,$05 $00 Pixel,$03 $05 Intensity counts,$f0 $05 Error counts,$f1 $00 Status,24
254,1332,0,0,1,95A7_2019-06-16_14-45-50_000_330,SAM_8586,SPECTRUM,RAW,,,2019-06-16 14:45:50,0,0,,,,,SAM Control,SAM_8586,No Mission,1,0,1,,DLAB_2018-04-12_09-33-02_217_812,DLAB_2018-04-12_15-39-16_217_235,2048,-1,0,+INF,0,65535,0,-NAN,$05 $00 Pixel,$03 $05 Intensity counts,$f0 $05 Error counts,$f1 $00 Status,24
255,1371,0,0,1,95A7_2019-06-16_14-45-50_000_330,SAM_8586,SPECTRUM,RAW,,,2019-06-16 14:45:50,0,0,,,,,SAM Control,SAM_8586,No Mission,1,0,1,,DLAB_2018-04-12_09-33-02_217_812,DLAB_2018-04-12_15-39-16_217_235,2048,-1,0,+INF,0,65535,0,-NAN,$05 $00 Pixel,$03 $05 Intensity counts,$f0 $05 Error counts,$f1 $00 Status,24
