wavelength,intensity,error,status,Version,IDData,IDDevice,IDDataType,IDDataTypeSub1,IDDataTypeSub2,IDDataTypeSub3,DateTime,PositionLatitude,PositionLongitude,Comment,CommentSub1,CommentSub2,CommentSub3,IDMethodType,MethodName,Mission,MissionSub,RecordType,CalFactor,IDBasisSpec,IDDataBack,IDDataCal,IntegrationTime,P31,P31e,PathLength,PathLengthCustomOn,RAWDynamic,Salinity,Temperature,Unit1,Unit2,Unit3,Unit4,p999
1,1410,0,0,1,95A7_2019-06-16_17-09-40_000_640,SAM_8586,SPECTRUM,RAW,,,2019-06-16 17:09:40,0,0,,,,,SAM Control,SAM_8586,No Mission,1,0,1,,DLAB_2018-04-12_09-33-02_217_812,DLAB_2018-04-12_15-39-16_217_235,1024,-1,0,+INF,0,65535,0,-NAN,$05 $00 Pixel,$03 $05 Intensity counts,$f0 $05 Error counts,$f1 $00 Status,125
2,1505,0,0,1,95A7_2019-06-16_17-09-40_000_640,SAM_8586,SPECTRUM,RAW,,,2019-06-16 17:09:40,0,0,,,,,SAM Control,SAM_8586,No Mission,1,0,1,,DLAB_2018-04-12_09-33-02_217_812,DLAB_2018-04-12_15-39-16_217_235,1024,-1,0,+INF,0,65535,0,-NAN,$05 $00 Pixel,$03 $05 Intensity counts,$f0 $05 Error counts,$f1 $00 Status,125
3,1674,0,0,1,95A7_2019-06-16_17-09-40_000_640,SAM_8586,SPECTRUM,RAW,,,2019-06-16 17:09:40,0,0,,,,,SAM Control,SAM_8586,No Mission,1,0,1,,DLAB_2018-04-12_09-33-02_217_812,DLAB_2018-04-12_15-39-16_217_235,1024,-1,0,+INF,0,65535,0,-NAN,$05 $00 Pixel,$03 $05 Intensity counts,$f0 $05 Error counts,$f1 $00 Status,125
4,1929,0,0,1,95A7_2019-06-16_17-09-40_000_640,SAM_8586,SPECTRUM,RAW,,,2019-06-16 17:09:40,0,0,,,,,SAM Control,SAM_8586,No Mission,1,0,1,,DLAB_2018-04-12_09-33-02_217_812,DLAB_2018-04-12_15-39-16_217_235,1024,-1,0,+INF,0,65535,0,-NAN,$05 $00 Pixel,$03 $05 Intensity counts,$f0 $05 Error counts,$f1 $00 Status,125
5,2292,0,0,1,95A7_2019-06-16_17-09-40_000_640,SAM_8586,SPECTRUM,RAW,,,2019-06-16 17:09:40,0,0,,,,,SAM Control,SAM_8586,No Mission,1,0,1,,DLAB_2018-04-12_09-33-02_217_812,DLAB_2018-04-12_15-39-16_217_235,1024,-1,0,+INF,0,65535,0,-NAN,$05 $00 Pixel,$03 $05 Intensity counts,$f0 $05 Error counts,$f1 $00 Status,125
6,2772,0,0,1,95A7_2019-06-16_17-09-40_000_640,SAM_8586,SPECTRUM,RAW,,,2019-06-16 17:09:40,0,0,,,,,SAM Control,SAM_8586,No Mission,1,0,1,,DLAB_2018-04-12_09-33-02_217_812,DLAB_2018-04-12_15-39-16_217_235,1024,-1,0,+INF,0,65535,0,-NAN,$05 $00 Pixel,$03 $05 Intensity counts,$f0 $05 Error counts,$f1 $00 Status,125
7,3257,0,0,1,95A7_2019-06-16_17-09-40_000_640,SAM_8586,SPECTRUM,RAW,,,2019-06-16 17:09:40,0,0,,,,,SAM Control,SAM_8586,No Mission,1,0,1,,DLAB_2018-04-12_09-33-02_217_812,DLAB_2018-04-12_15-39-16_217_235,1024,-1,0,+INF,0,65535,0,-NAN,$05 $00 Pixel,$03 $05 Intensity counts,$f0 $05 Error counts,$f1 $00 Status,125
8,3700,0,0,1,95A7_2019-06-16_17-09-40_000_640,SAM_8586,SPECTRUM,RAW,,,2019-06-16 17:09:40,0,0,,,,,SAM Control,SAM_8586,No Mission,1,0,1,,DLAB_2018-04-12_09-33-02_217_812,DLAB_2018-04-12_15-39-16_217_235,1024,-1,0,+INF,0,65535,0,-NAN,$05 $00 Pixel,$03 $05 Intensity counts,$f0 $05 Error counts,$f1 $00 Status,125
9,4179,0,0,1,95A7_2019-06-16_17-09-40_000_640,SAM_8586,SPECTRUM,RAW,,,2019-06-16 17:09:40,0,0,,,,,SAM Control,SAM_8586,No Mission,1,0,1,,DLAB_2018-04-12_09-33-02_217_812,DLAB_2018-04-12_15-39-16_217_235,1024,-1,0,+INF,0,65535,0,-NAN,$05 $00 Pixel,$03 $05 Intensity counts,$f0 $05 Error counts,$f1 $00 Status,125
10,4754,0,0,1,95A7_2019-06-16_17-09-40_000_640,SAM_8586,SPECTRUM,RAW,,,2019-06-16 17:09:40,0,0,,,,,SAM Control,SAM_8586,No Mission,1,0,1,,DLAB_2018-04-12_09-33-02_217_812,DLAB_2018-04-12_15-39-16_217_235,1024,-1,0,+INF,0,65535,0,-NAN,$05 $00 Pixel,$03 $05 Intensity counts,$f0 $05 Error counts,$f1 $00 Status,125
11,5320,0,0,1,95A7_2019-06-16_17-09-40_000_640,SAM_8586,SPECTRUM,RAW,,,2019-06-16 17:09:40,0,0,,,,,SAM Control,SAM_8586,No Mission,1,0,1,,DLAB_2018-04-12_09-33-02_217_812,DLAB_2018-04-12_15-39-16_217_235,1024,-1,0,+INF,0,65535,0,-NAN,$05 $00 Pixel,$03 $05 Intensity counts,$f0 $05 Error counts,$f1 $00 Status,125
12,5909,0,0,1,95A7_2019-06-16_17-09-40_000_640,SAM_8586,SPECTRUM,RAW,,,2019-06-16 17:09:40,0,0,,,,,SAM Control,SAM_8586,No Mission,1,0,1,,DLAB_2018-04-12_09-33-02_217_812,DLAB_2018-04-12_15-39-16_217_235,1024,-1,0,+INF,0,65535,0,-NAN,$05 $00 Pixel,$03 $05 Intensity counts,$f0 $05 Error counts,$f1 $00 Status,125
13,6577,0,0,1,95A7_2019-06-16_17-09-40_000_640,SAM_8586,SPECTRUM,RAW,,,2019-06-16 17:09:40,0,0,,,,,SAM Control,SAM_8586,No Mission,1,0,1,,DLAB_2018-04-12_09-33-02_217_812,DLAB_2018-04-12_15-39-16_217_235,1024,-1,0,+INF,0,65535,0,-NAN,$05 $00 Pixel,$03 $05 Intensity counts,$f0 $05 Error counts,$f1 $00 Status,125
14,7062,0,0,1,95A7_2019-06-16_17-09-40_000_640,SAM_8586,SPECTRUM,RAW,,,2019-06-16 17:09:40,0,0,,,,,SAM Control,SAM_8586,No Mission,1,0,1,,DLAB_2018-04-12_09-33-02_217_812,DLAB_2018-04-12_15-39-16_217_235,1024,-1,0,+INF,0,65535,0,-NAN,$05 $00 Pixel,$03 $05 Intensity counts,$f0 $05 Error counts,$f1 $00 Status,125
15,7140,0,0,1,95A7_2019-06-16_17-09-40_000_640,SAM_8586,SPECTRUM,RAW,,,2019-06-16 17:09:40,0,0,,,,,SAM Control,SAM_8586,No Mission,1,0,1,,DLAB_2018-04-12_09-33-02_217_812,DLAB_2018-04-12_15-39-16_217_235,1024,-1,0,+INF,0,65535,0,-NAN,$05 $00 Pixel,$03 $05 Intensity counts,$f0 $05 Error counts,$f1 $00 Status,125
16,7162,0,0,1,95A7_2019-06-16_17-09-40_000_640,SAM_8586,SPECTRUM,RAW,,,2019-06-16 17:09:40,0,0,,,,,SAM Control,SAM_8586,No Mission,1,0,1,,DLAB_2018-04-12_09-33-02_217_812,DLAB_2018-04-12_15-39-16_217_235,1024,-1,0,+INF,0,65535,0,-NAN,$05 $00 Pixel,$03 $05 Intensity counts,$f0 $05 Error counts,$f1 $00 Status,125
17,7485,0,0,1,95A7_2019-06-16_17-09-40_000_640,SAM_8586,SPECTRUM,RAW,,,2019-06-16 17:09:40,0,0,,,,,SAM Control,SAM_8586,No Mission,1,0,1,,DLAB_2018-04-12_09-33-02_217_812,DLAB_2018-04-12_15-39-16_217_235,1024,-1,0,+INF,0,65535,0,-NAN,$05 $00 Pixel,$03 $05 Intensity counts,$f0 $05 Error counts,$f1 $00 Status,125
18,7749,0,0,1,95A7_2019-06-16_17-09-40_000_640,SAM_8586,SPECTRUM,RAW,,,2019-06-16 17:09:40,0,0,,,,,SAM Control,SAM_8586,No Mission,1,0,1,,DLAB_2018-04-12_09-33-02_217_812,DLAB_2018-04-12_15-39-16_217_235,1024,-1,0,+INF,0,65535,0,-NAN,$05 $00 Pixel,$03 $05 Intensity counts,$f0 $05 Error counts,$f1 $00 Status,125
19,7568,0,0,1,95A7_2019-06-16_17-09-40_000_640,SAM_8586,SPECTRUM,RAW,,,2019-06-16 17:09:40,0,0,,,,,SAM Control,SAM_8586,No Mission,1,0,1,,DLAB_2018-04-12_09-33-02_217_812,DLAB_2018-04-12_15-39-16_217_235,1024,-1,0,+INF,0,65535,0,-NAN,$05 $00 Pixel,$03 $05 Intensity counts,$f0 $05 Error counts,$f1 $00 Status,125
20,7251,0,0,1,95A7_2019-06-16_17-09-40_000_640,SAM_8586,SPECTRUM,RAW,,,2019-06-16 17:09:40,0,0,,,,,SAM Control,SAM_8586,No Mission,1,0,1,,DLAB_2018-04-12_09-33-02_217_812,DLAB_2018-04-12_15-39-16_217_235,1024,-1,0,+INF,0,65535,0,-NAN,$05 $00 Pixel,$03 $05 Intensity counts,$f0 $05 Error counts,$f1 $00 Status,125
21,7201,0,0,1,95A7_2019-06-16_17-09-40_000_640,SAM_8586,SPECTRUM,RAW,,,2019-06-16 17:09:40,0,0,,,,,SAM Control,SAM_8586,No Mission,1,0,1,,DLAB_2018-04-12_09-33-02_217_812,DLAB_2018-04-12_15-39-16_217_235,1024,-1,0,+INF,0,65535,0,-NAN,$05 $00 Pixel,$03 $05 Intensity counts,$f0 $05 Error counts,$f1 $00 Status,125
22,7084,0,0,1,95A7_2019-06-16_17-09-40_000_640,SAM_8586,SPECTRUM,RAW,,,2019-06-16 17:09:40,0,0,,,,,SAM Control,SAM_8586,No Mission,1,0,1,,DLAB_2018-04-12_09-33-02_217_812,DLAB_2018-04-12_15-39-16_217_235,1024,-1,0,+INF,0,65535,0,-NAN,$05 $00 Pixel,$03 $05 Intensity counts,$f0 $05 Error counts,$f1 $00 Status,125
23,6838,0,0,1,95A7_2019-06-16_17-09-40_000_640,SAM_8586,SPECTRUM,RAW,,,2019-06-16 17:09:40,0,0,,,,,SAM Control,SAM_8586,No Mission,1,0,1,,DLAB_2018-04-12_09-33-02_217_812,DLAB_2018-04-12_15-39-16_217_235,1024,-1,0,+INF,0,65535,0,-NAN,$05 $00 Pixel,$03 $05 Intensity counts,$f0 $05 Error counts,$f1 $00 Status,125
24,7142,0,0,1,95A7_2019-06-16_17-09-40_000_640,SAM_8586,SPECTRUM,RAW,,,2019-06-16 17:09:40,0,0,,,,,SAM Control,SAM_8586,No Mission,1,0,1,,DLAB_2018-04-12_09-33-02_217_812,DLAB_2018-04-12_15-39-16_217_235,1024,-1,0,+INF,0,65535,0,-NAN,$05 $00 Pixel,$03 $05 Intensity counts,$f0 $05 Error counts,$f1 $00 Status,125
25,7656,0,0,1,95A7_2019-06-16_17-09-40_000_640,SAM_8586,SPECTRUM,RAW,,,2019-06-16 17:09:40,0,0,,,,,SAM Control,SAM_8586,No Mission,1,0,1,,DLAB_2018-04-12_09-33-02_217_812,DLAB_2018-04-12_15-39-16_217_235,1024,-1,0,+INF,0,65535,0,-NAN,$05 $00 Pixel,$03 $05 Intensity counts,$f0 $05 Error counts,$f1 $00 Status,125
26,8178,0,0,1,95A7_2019-06-16_17-09-40_000_640,SAM_8586,SPECTRUM,RAW,,,2019-06-16 17:09:40,0,0,,,,,SAM Control,SAM_8586,No Mission,1,0,1,,DLAB_2018-04-12_09-33-02_217_812,DLAB_2018-04-12_15-39-16_217_235,1024,-1,0,+INF,0,65535,0,-NAN,$05 $00 Pixel,$03 $05 Intensity counts,$f0 $05 Error counts,$f1 $00 Status,125
27,9556,0,0,1,95A7_2019-06-16_17-09-40_000_640,SAM_8586,SPECTRUM,RAW,,,2019-06-16 17:09:40,0,0,,,,,SAM Control,SAM_8586,No Mission,1,0,1,,DLAB_2018-04-12_09-33-02_217_812,DLAB_2018-04-12_15-39-16_217_235,1024,-1,0,+INF,0,65535,0,-NAN,$05 $00 Pixel,$03 $05 Intensity counts,$f0 $05 Error counts,$f1 $00 Status,125
28,11908,0,0,1,95A7_2019-06-16_17-09-40_000_640,SAM_8586,SPECTRUM,RAW,,,2019-06-16 17:09:40,0,0,,,,,SAM Control,SAM_8586,No Mission,1,0,1,,DLAB_2018-04-12_09-33-02_217_812,DLAB_2018-04-12_15-39-16_217_235,1024,-1,0,+INF,0,65535,0,-NAN,$05 $00 Pixel,$03 $05 Intensity counts,$f0 $05 Error counts,$f1 $00 Status,125
29,13880,0,0,1,95A7_2019-06-16_17-09-40_000_640,SAM_8586,SPECTRUM,RAW,,,2019-06-16 17:09:40,0,0,,,,,SAM Control,SAM_8586,No Mission,1,0,1,,DLAB_2018-04-12_09-33-02_217_812,DLAB_2018-04-12_15-39-16_217_235,1024,-1,0,+INF,0,65535,0,-NAN,$05 $00 Pixel,$03 $05 Intensity counts,$f0 $05 Error counts,$f1 $00 Status,125
30,15105,0,0,1,95A7_2019-06-16_17-09-40_000_640,SAM_8586,SPECTRUM,RAW,,,2019-06-16 17:09:40,0,0,,,,,SAM Control,SAM_8586,No Mission,1,0,1,,DLAB_2018-04-12_09-33-02_217_812,DLAB_2018-04-12_15-39-16_217_235,1024,-1,0,+INF,0,65535,0,-NAN,$05 $00 Pixel,$03 $05 Intensity counts,$f0 $05 Error counts,$f1 $00 Status,125
31,16367,0,0,1,95A7_2019-06-16_17-09-40_000_640,SAM_8586,SPECTRUM,RAW,,,2019-06-16 17:09:40,0,0,,,,,SAM Control,SAM_8586,No Mission,1,0,1,,DLAB_2018-04-12_09-33-02_217_812,DLAB_2018-04-12_15-39-16_217_235,1024,-1,0,+INF,0,65535,0,-NAN,$05 $00 Pixel,$03 $05 Intensity counts,$f0 $05 Error counts,$f1 $00 Status,125
32,17719,0,0,1,95A7_2019-06-16_17-09-40_000_640,SAM_8586,SPECTRUM,RAW,,,2019-06-16 17:09:40,0,0,,,,,SAM Control,SAM_8586,No Mission,1,0,1,,DLAB_2018-04-12_09-33-02_217_812,DLAB_2018-04-12_15-39-16_217_235,1024,-1,0,+INF,0,65535,0,-NAN,$05 $00 Pixel,$03 $05 Intensity counts,$f0 $05 Error counts,$f1 $00 Status,125
33,18827,0,0,1,95A7_2019-06-16_17-09-40_000_640,SAM_8586,SPECTRUM,RAW,,,2019-06-16 17:09:40,0,0,,,,,SAM Control,SAM_8586,No Mission,1,0,1,,DLAB_2018-04-12_09-33-02_217_812,DLAB_2018-04-12_15-39-16_217_235,1024,-1,0,+INF,0,65535,0,-NAN,$05 $00 Pixel,$03 $05 Intensity counts,$f0 $05 Error counts,$f1 $00 Status,125
34,19636,0,0,1,95A7_2019-06-16_17-09-40_000_640,SAM_8586,SPECTRUM,RAW,,,2019-06-16 17:09:40,0,0,,,,,SAM Control,SAM_8586,No Mission,1,0,1,,DLAB_2018-04-12_09-33-02_217_812,DLAB_2018-04-12_15-39-16_217_235,1024,-1,0,+INF,0,65535,0,-NAN,$05 $00 Pixel,$03 $05 Intensity counts,$f0 $05 Error counts,$f1 $00 Status,125
35,20100,0,0,1,95A7_2019-06-16_17-09-40_000_640,SAM_8586,SPECTRUM,RAW,,,2019-06-16 17:09:40,0,0,,,,,SAM Control,SAM_8586,No Mission,1,0,1,,DLAB_2018-04-12_09-33-02_217_812,DLAB_2018-04-12_15-39-16_217_235,1024,-1,0,+INF,0,65535,0,-NAN,$05 $00 Pixel,$03 $05 Intensity counts,$f0 $05 Error counts,$f1 $00 Status,125
36,19934,0,0,1,95A7_2019-06-16_17-09-40_000_640,SAM_8586,SPECTRUM,RAW,,,2019-06-16 17:09:40,0,0,,,,,SAM Control,SAM_8586,No Mission,1,0,1,,DLAB_2018-04-12_09-33-02_217_812,DLAB_2018-04-12_15-39-16_217_235,1024,-1,0,+INF,0,65535,0,-NAN,$05 $00 Pixel,$03 $05 Intensity counts,$f0 $05 Error counts,$f1 $00 Status,125
37,19879,0,0,1,95A7_2019-06-16_17-09-40_000_640,SAM_8586,SPECTRUM,RAW,,,2019-06-16 17:09:40,0,0,,,,,SAM Control,SAM_8586,No Mission,1,0,1,,DLAB_2018-04-12_09-33-02_217_812,DLAB_2018-04-12_15-39-16_217_235,1024,-1,0,+INF,0,65535,0,-NAN,$05 $00 Pixel,$03 $05 Intensity counts,$f0 $05 Error counts,$f1 $00 Status,125
38,20627,0,0,1,95A7_2019-06-16_17-09-40_000_640,SAM_8586,SPECTRUM,RAW,,,2019-06-16 17:09:40,0,0,,,,,SAM Control,SAM_8586,No Mission,1,0,1,,DLAB_2018-04-12_09-33-02_217_812,DLAB_2018-04-12_15-39-16_217_235,1024,-1,0,+INF,0,65535,0,-NAN,$05 $00 Pixel,$03 $05 Intensity counts,$f0 $05 Error counts,$f1 $00 Status,125
39,21649,0,0,1,95A7_2019-06-16_17-09-40_000_640,SAM_8586,SPECTRUM,RAW,,,2019-06-16 17:09:40,0,0,,,,,SAM Control,SAM_8586,No Mission,1,0,1,,DLAB_2018-04-12_09-33-02_217_812,DLAB_2018-04-12_15-39-16_217_235,1024,-1,0,+INF,0,65535,0,-NAN,$05 $00 Pixel,$03 $05 Intensity counts,$f0 $05 Error counts,$f1 $00 Status,125
40,22410,0,0,1,95A7_2019-06-16_17-09-40_000_640,SAM_8586,SPECTRUM,RAW,,,2019-06-16 17:09:40,0,0,,,,,SAM Control,SAM_8586,No Mission,1,0,1,,DLAB_2018-04-12_09-33-02_217_812,DLAB_2018-04-12_15-39-16_217_235,1024,-1,0,+INF,0,65535,0,-NAN,$05 $00 Pixel,$03 $05 Intensity counts,$f0 $05 Error counts,$f1 $00 Status,125
41,23128,0,0,1,95A7_2019-06-16_17-09-40_000_640,SAM_8586,SPECTRUM,RAW,,,2019-06-16 17:09:40,0,0,,,,,SAM Control,SAM_8586,No Mission,1,0,1,,DLAB_2018-04-12_09-33-02_217_812,DLAB_2018-04-12_15-39-16_217_235,1024,-1,0,+INF,0,65535,0,-NAN,$05 $00 Pixel,$03 $05 Intensity counts,$f0 $05 Error counts,$f1 $00 Status,125
42,23735,0,0,1,95A7_2019-06-16_17-09-40_000_640,SAM_8586,SPECTRUM,RAW,,,2019-06-16 17:09:40,0,0,,,,,SAM Control,SAM_8586,No Mission,1,0,1,,DLAB_2018-04-12_09-33-02_217_812,DLAB_2018-04-12_15-39-16_217_235,1024,-1,0,+INF,0,65535,0,-NAN,$05 $00 Pixel,$03 $05 Intensity counts,$f0 $05 Error counts,$f1 $00 Status,125
43,23978,0,0,1,95A7_2019-06-16_17-09-40_000_640,SAM_8586,SPECTRUM,RAW,,,2019-06-16 17:09:40,0,0,,,,,SAM Control,SAM_8586,No Mission,1,0,1,,DLAB_2018-04-12_09-33-02_217_812,DLAB_2018-04-12_15-39-16_217_235,1024,-1,0,+INF,0,65535,0,-NAN,$05 $00 Pixel,$03 $05 Intensity counts,$f0 $05 Error counts,$f1 $00 Status,125
44,23842,0,0,1,95A7_2019-06-16_17-09-40_000_640,SAM_8586,SPECTRUM,RAW,,,2019-06-16 17:09:40,0,0,,,,,SAM Control,SAM_8586,No Mission,1,0,1,,DLAB_2018-04-12_09-33-02_217_812,DLAB_2018-04-12_15-39-16_217_235,1024,-1,0,+INF,0,65535,0,-NAN,$05 $00 Pixel,$03 $05 Intensity counts,$f0 $05 Error counts,$f1 $00 Status,125
45,23483,0,0,1,95A7_2019-06-16_17-09-40_000_640,SAM_8586,SPECTRUM,RAW,,,2019-06-16 17:09:40,0,0,,,,,SAM Control,SAM_8586,No Mission,1,0,1,,DLAB_2018-04-12_09-33-02_217_812,DLAB_2018-04-12_15-39-16_217_235,1024,-1,0,+INF,0,65535,0,-NAN,$05 $00 Pixel,$03 $05 Intensity counts,$f0 $05 Error counts,$f1 $00 Status,125
46,23217,0,0,1,95A7_2019-06-16_17-09-40_000_640,SAM_8586,SPECTRUM,RAW,,,2019-06-16 17:09:40,0,0,,,,,SAM Control,SAM_8586,No Mission,1,0,1,,DLAB_2018-04-12_09-33-02_217_812,DLAB_2018-04-12_15-39-16_217_235,1024,-1,0,+INF,0,65535,0,-NAN,$05 $00 Pixel,$03 $05 Intensity counts,$f0 $05 Error counts,$f1 $00 Status,125
47,22861,0,0,1,95A7_2019-06-16_17-09-40_000_640,SAM_8586,SPECTRUM,RAW,,,2019-06-16 17:09:40,0,0,,,,,SAM Control,SAM_8586,No Mission,1,0,1,,DLAB_2018-04-12_09-33-02_217_812,DLAB_2018-04-12_15-39-16_217_235,1024,-1,0,+INF,0,65535,0,-NAN,$05 $00 Pixel,$03 $05 Intensity counts,$f0 $05 Error counts,$f1 $00 Status,125
48,22552,0,0,1,95A7_2019-06-16_17-09-40_000_640,SAM_8586,SPECTRUM,RAW,,,2019-06-16 17:09:40,0,0,,,,,SAM Control,SAM_8586,No Mission,1,0,1,,DLAB_2018-04-12_09-33-02_217_812,DLAB_2018-04-12_15-39-16_217_235,1024,-1,0,+INF,0,65535,0,-NAN,$05 $00 Pixel,$03 $05 Intensity counts,$f0 $05 Error counts,$f1 $00 Status,125
49,22552,0,0,1,95A7_2019-06-16_17-09-40_000_640,SAM_8586,SPECTRUM,RAW,,,2019-06-16 17:09:40,0,0,,,,,SAM Control,SAM_8586,No Mission,1,0,1,,DLAB_2018-04-12_09-33-02_217_812,DLAB_2018-04-12_15-39-16_217_235,1024,-1,0,+INF,0,65535,0,-NAN,$05 $00 Pixel,$03 $05 Intensity counts,$f0 $05 Error counts,$f1 $00 Status,125
50,22933,0,0,1,95A7_2019-06-16_17-09-40_000_640,SAM_8586,SPECTRUM,RAW,,,2019-06-16 17:09:40,0,0,,,,,SAM Control,SAM_8586,No Mission,1,0,1,,DLAB_2018-04-12_09-33-02_217_812,DLAB_2018-04-12_15-39-16_217_235,1024,-1,0,+INF,0,65535,0,-NAN,$05 $00 Pixel,$03 $05 Intensity counts,$f0 $05 Error counts,$f1 $00 Status,125
51,23518,0,0,1,95A7_2019-06-16_17-09-40_000_640,SAM_8586,SPECTRUM,RAW,,,2019-06-16 17:09:40,0,0,,,,,SAM Control,SAM_8586,No Mission,1,0,1,,DLAB_2018-04-12_09-33-02_217_812,DLAB_2018-04-12_15-39-16_217_235,1024,-1,0,+INF,0,65535,0,-NAN,$05 $00 Pixel,$03 $05 Intensity counts,$f0 $05 Error counts,$f1 $00 Status,125
52,23935,0,0,1,95A7_2019-06-16_17-09-40_000_640,SAM_8586,SPECTRUM,RAW,,,2019-06-16 17:09:40,0,0,,,,,SAM Control,SAM_8586,No Mission,1,0,1,,DLAB_2018-04-12_09-33-02_217_812,DLAB_2018-04-12_15-39-16_217_235,1024,-1,0,+INF,0,65535,0,-NAN,$05 $00 Pixel,$03 $05 Intensity counts,$f0 $05 Error counts,$f1 $00 Status,125
53,23798,0,0,1,95A7_2019-06-16_17-09-40_000_640,SAM_8586,SPECTRUM,RAW,,,2019-06-16 17:09:40,0,0,,,,,SAM Control,SAM_8586,No Mission,1,0,1,,DLAB_2018-04-12_09-33-02_217_812,DLAB_2018-04-12_15-39-16_217_235,1024,-1,0,+INF,0,65535,0,-NAN,$05 $00 Pixel,$03 $05 Intensity counts,$f0 $05 Error counts,$f1 $00 Status,125
54,23637,0,0,1,95A7_2019-06-16_17-09-40_000_640,SAM_8586,SPECTRUM,RAW,,,2019-06-16 17:09:40,0,0,,,,,SAM Control,SAM_8586,No Mission,1,0,1,,DLAB_2018-04-12_09-33-02_217_812,DLAB_2018-04-12_15-39-16_217_235,1024,-1,0,+INF,0,65535,0,-NAN,$05 $00 Pixel,$03 $05 Intensity counts,$f0 $05 Error counts,$f1 $00 Status,125
55,23983,0,0,1,95A7_2019-06-16_17-09-40_000_640,SAM_8586,SPECTRUM,RAW,,,2019-06-16 17:09:40,0,0,,,,,SAM Control,SAM_8586,No Mission,1,0,1,,DLAB_2018-04-12_09-33-02_217_812,DLAB_2018-04-12_15-39-16_217_235,1024,-1,0,+INF,0,65535,0,-NAN,$05 $00 Pixel,$03 $05 Intensity counts,$f0 $05 Error counts,$f1 $00 Status,125
56,24638,0,0,1,95A7_2019-06-16_17-09-40_000_640,SAM_8586,SPECTRUM,RAW,,,2019-06-16 17:09:40,0,0,,,,,SAM Control,SAM_8586,No Mission,1,0,1,,DLAB_2018-04-12_09-33-02_217_812,DLAB_2018-04-12_15-39-16_217_235,1024,-1,0,+INF,0,65535,0,-NAN,$05 $00 Pixel,$03 $05 Intensity counts,$f0 $05 Error counts,$f1 $00 Status,125
57,25124,0,0,1,95A7_2019-06-16_17-09-40_000_640,SAM_8586,SPECTRUM,RAW,,,2019-06-16 17:09:40,0,0,,,,,SAM Control,SAM_8586,No Mission,1,0,1,,DLAB_2018-04-12_09-33-02_217_812,DLAB_2018-04-12_15-39-16_217_235,1024,-1,0,+INF,0,65535,0,-NAN,$05 $00 Pixel,$03 $05 Intensity counts,$f0 $05 Error counts,$f1 $00 Status,125
58,25571,0,0,1,95A7_2019-06-16_17-09-40_000_640,SAM_8586,SPECTRUM,RAW,,,2019-06-16 17:09:40,0,0,,,,,SAM Control,SAM_8586,No Mission,1,0,1,,DLAB_2018-04-12_09-33-02_217_812,DLAB_2018-04-12_15-39-16_217_235,1024,-1,0,+INF,0,65535,0,-NAN,$05 $00 Pixel,$03 $05 Intensity counts,$f0 $05 Error counts,$f1 $00 Status,125
59,26297,0,0,1,95A7_2019-06-16_17-09-40_000_640,SAM_8586,SPECTRUM,RAW,,,2019-06-16 17:09:40,0,0,,,,,SAM Control,SAM_8586,No Mission,1,0,1,,DLAB_2018-04-12_09-33-02_217_812,DLAB_2018-04-12_15-39-16_217_235,1024,-1,0,+INF,0,65535,0,-NAN,$05 $00 Pixel,$03 $05 Intensity counts,$f0 $05 Error counts,$f1 $00 Status,125
60,27331,0,0,1,95A7_2019-06-16_17-09-40_000_640,SAM_8586,SPECTRUM,RAW,,,2019-06-16 17:09:40,0,0,,,,,SAM Control,SAM_8586,No Mission,1,0,1,,DLAB_2018-04-12_09-33-02_217_812,DLAB_2018-04-12_15-39-16_217_235,1024,-1,0,+INF,0,65535,0,-NAN,$05 $00 Pixel,$03 $05 Intensity counts,$f0 $05 Error counts,$f1 $00 Status,125
61,28204,0,0,1,95A7_2019-06-16_17-09-40_000_640,SAM_8586,SPECTRUM,RAW,,,2019-06-16 17:09:40,0,0,,,,,SAM Control,SAM_8586,No Mission,1,0,1,,DLAB_2018-04-12_09-33-02_217_812,DLAB_2018-04-12_15-39-16_217_235,1024,-1,0,+INF,0,65535,0,-NAN,$05 $00 Pixel,$03 $05 Intensity counts,$f0 $05 Error counts,$f1 $00 Status,125
62,28676,0,0,1,95A7_2019-06-16_17-09-40_000_640,SAM_8586,SPECTRUM,RAW,,,2019-06-16 17:09:40,0,0,,,,,SAM Control,SAM_8586,No Mission,1,0,1,,DLAB_2018-04-12_09-33-02_217_812,DLAB_2018-04-12_15-39-16_217_235,1024,-1,0,+INF,0,65535,0,-NAN,$05 $00 Pixel,$03 $05 Intensity counts,$f0 $05 Error counts,$f1 $00 Status,125
63,29246,0,0,1,95A7_2019-06-16_17-09-40_000_640,SAM_8586,SPECTRUM,RAW,,,2019-06-16 17:09:40,0,0,,,,,SAM Control,SAM_8586,No Mission,1,0,1,,DLAB_2018-04-12_09-33-02_217_812,DLAB_2018-04-12_15-39-16_217_235,1024,-1,0,+INF,0,65535,0,-NAN,$05 $00 Pixel,$03 $05 Intensity counts,$f0 $05 Error counts,$f1 $00 Status,125
64,30531,0,0,1,95A7_2019-06-16_17-09-40_000_640,SAM_8586,SPECTRUM,RAW,,,2019-06-16 17:09:40,0,0,,,,,SAM Control,SAM_8586,No Mission,1,0,1,,DLAB_2018-04-12_09-33-02_217_812,DLAB_2018-04-12_15-39-16_217_235,1024,-1,0,+INF,0,65535,0,-NAN,$05 $00 Pixel,$03 $05 Intensity counts,$f0 $05 Error counts,$f1 $00 Status,125
65,32098,0,0,1,95A7_2019-06-16_17-09-40_000_640,SAM_8586,SPECTRUM,RAW,,,2019-06-16 17:09:40,0,0,,,,,SAM Control,SAM_8586,No Mission,1,0,1,,DLAB_2018-04-12_09-33-02_217_812,DLAB_2018-04-12_15-39-16_217_235,1024,-1,0,+INF,0,65535,0,-NAN,$05 $00 Pixel,$03 $05 Intensity counts,$f0 $05 Error counts,$f1 $00 Status,125
66,33578,0,0,1,95A7_2019-06-16_17-09-40_000_640,SAM_8586,SPECTRUM,RAW,,,2019-06-16 17:09:40,0,0,,,,,SAM Control,SAM_8586,No Mission,1,0,1,,DLAB_2018-04-12_09-33-02_217_812,DLAB_2018-04-12_15-39-16_217_235,1024,-1,0,+INF,0,65535,0,-NAN,$05 $00 Pixel,$03 $05 Intensity counts,$f0 $05 Error counts,$f1 $00 Status,125
67,34936,0,0,1,95A7_2019-06-16_17-09-40_000_640,SAM_8586,SPECTRUM,RAW,,,2019-06-16 17:09:40,0,0,,,,,SAM Control,SAM_8586,No Mission,1,0,1,,DLAB_2018-04-12_09-33-02_217_812,DLAB_2018-04-12_15-39-16_217_235,1024,-1,0,+INF,0,65535,0,-NAN,$05 $00 Pixel,$03 $05 Intensity counts,$f0 $05 Error counts,$f1 $00 Status,125
68,36046,0,0,1,95A7_2019-06-16_17-09-40_000_640,SAM_8586,SPECTRUM,RAW,,,2019-06-16 17:09:40,0,0,,,,,SAM Control,SAM_8586,No Mission,1,0,1,,DLAB_2018-04-12_09-33-02_217_812,DLAB_2018-04-12_15-39-16_217_235,1024,-1,0,+INF,0,65535,0,-NAN,$05 $00 Pixel,$03 $05 Intensity counts,$f0 $05 Error counts,$f1 $00 Status,125
69,36665,0,0,1,95A7_2019-06-16_17-09-40_000_640,SAM_8586,SPECTRUM,RAW,,,2019-06-16 17:09:40,0,0,,,,,SAM Control,SAM_8586,No Mission,1,0,1,,DLAB_2018-04-12_09-33-02_217_812,DLAB_2018-04-12_15-39-16_217_235,1024,-1,0,+INF,0,65535,0,-NAN,$05 $00 Pixel,$03 $05 Intensity counts,$f0 $05 Error counts,$f1 $00 Status,125
70,37050,0,0,1,95A7_2019-06-16_17-09-40_000_640,SAM_8586,SPECTRUM,RAW,,,2019-06-16 17:09:40,0,0,,,,,SAM Control,SAM_8586,No Mission,1,0,1,,DLAB_2018-04-12_09-33-02_217_812,DLAB_2018-04-12_15-39-16_217_235,1024,-1,0,+INF,0,65535,0,-NAN,$05 $00 Pixel,$03 $05 Intensity counts,$f0 $05 Error counts,$f1 $00 Status,125
71,37312,0,0,1,95A7_2019-06-16_17-09-40_000_640,SAM_8586,SPECTRUM,RAW,,,2019-06-16 17:09:40,0,0,,,,,SAM Control,SAM_8586,No Mission,1,0,1,,DLAB_2018-04-12_09-33-02_217_812,DLAB_2018-04-12_15-39-16_217_235,1024,-1,0,+INF,0,65535,0,-NAN,$05 $00 Pixel,$03 $05 Intensity counts,$f0 $05 Error counts,$f1 $00 Status,125
72,37443,0,0,1,95A7_2019-06-16_17-09-40_000_640,SAM_8586,SPECTRUM,RAW,,,2019-06-16 17:09:40,0,0,,,,,SAM Control,SAM_8586,No Mission,1,0,1,,DLAB_2018-04-12_09-33-02_217_812,DLAB_2018-04-12_15-39-16_217_235,1024,-1,0,+INF,0,65535,0,-NAN,$05 $00 Pixel,$03 $05 Intensity counts,$f0 $05 Error counts,$f1 $00 Status,125
73,37281,0,0,1,95A7_2019-06-16_17-09-40_000_640,SAM_8586,SPECTRUM,RAW,,,2019-06-16 17:09:40,0,0,,,,,SAM Control,SAM_8586,No Mission,1,0,1,,DLAB_2018-04-12_09-33-02_217_812,DLAB_2018-04-12_15-39-16_217_235,1024,-1,0,+INF,0,65535,0,-NAN,$05 $00 Pixel,$03 $05 Intensity counts,$f0 $05 Error counts,$f1 $00 Status,125
74,36816,0,0,1,95A7_2019-06-16_17-09-40_000_640,SAM_8586,SPECTRUM,RAW,,,2019-06-16 17:09:40,0,0,,,,,SAM Control,SAM_8586,No Mission,1,0,1,,DLAB_2018-04-12_09-33-02_217_812,DLAB_2018-04-12_15-39-16_217_235,1024,-1,0,+INF,0,65535,0,-NAN,$05 $00 Pixel,$03 $05 Intensity counts,$f0 $05 Error counts,$f1 $00 Status,125
75,36088,0,0,1,95A7_2019-06-16_17-09-40_000_640,SAM_8586,SPECTRUM,RAW,,,2019-06-16 17:09:40,0,0,,,,,SAM Control,SAM_8586,No Mission,1,0,1,,DLAB_2018-04-12_09-33-02_217_812,DLAB_2018-04-12_15-39-16_217_235,1024,-1,0,+INF,0,65535,0,-NAN,$05 $00 Pixel,$03 $05 Intensity counts,$f0 $05 Error counts,$f1 $00 Status,125
76,35297,0,0,1,95A7_2019-06-16_17-09-40_000_640,SAM_8586,SPECTRUM,RAW,,,2019-06-16 17:09:40,0,0,,,,,SAM Control,SAM_8586,No Mission,1,0,1,,DLAB_2018-04-12_09-33-02_217_812,DLAB_2018-04-12_15-39-16_217_235,1024,-1,0,+INF,0,65535,0,-NAN,$05 $00 Pixel,$03 $05 Intensity counts,$f0 $05 Error counts,$f1 $00 Status,125
77,34440,0,0,1,95A7_2019-06-16_17-09-40_000_640,SAM_8586,SPECTRUM,RAW,,,2019-06-16 17:09:40,0,0,,,,,SAM Control,SAM_8586,No Mission,1,0,1,,DLAB_2018-04-12_09-33-02_217_812,DLAB_2018-04-12_15-39-16_217_235,1024,-1,0,+INF,0,65535,0,-NAN,$05 $00 Pixel,$03 $05 Intensity counts,$f0 $05 Error counts,$f1 $00 Status,125
78,33401,0,0,1,95A7_2019-06-16_17-09-40_000_640,SAM_8586,SPECTRUM,RAW,,,2019-06-16 17:09:40,0,0,,,,,SAM Control,SAM_8586,No Mission,1,0,1,,DLAB_2018-04-12_09-33-02_217_812,DLAB_2018-04-12_15-39-16_217_235,1024,-1,0,+INF,0,65535,0,-NAN,$05 $00 Pixel,$03 $05 Intensity counts,$f0 $05 Error counts,$f1 $00 Status,125
79,32250,0,0,1,95A7_2019-06-16_17-09-40_000_640,SAM_8586,SPECTRUM,RAW,,,2019-06-16 17:09:40,0,0,,,,,SAM Control,SAM_8586,No Mission,1,0,1,,DLAB_2018-04-12_09-33-02_217_812,DLAB_2018-04-12_15-39-16_217_235,1024,-1,0,+INF,0,65535,0,-NAN,$05 $00 Pixel,$03 $05 Intensity counts,$f0 $05 Error counts,$f1 $00 Status,125
80,31002,0,0,1,95A7_2019-06-16_17-09-40_000_640,SAM_8586,SPECTRUM,RAW,,,2019-06-16 17:09:40,0,0,,,,,SAM Control,SAM_8586,No Mission,1,0,1,,DLAB_2018-04-12_09-33-02_217_812,DLAB_2018-04-12_15-39-16_217_235,1024,-1,0,+INF,0,65535,0,-NAN,$05 $00 Pixel,$03 $05 Intensity counts,$f0 $05 Error counts,$f1 $00 Status,125
81,29686,0,0,1,95A7_2019-06-16_17-09-40_000_640,SAM_8586,SPECTRUM,RAW,,,2019-06-16 17:09:40,0,0,,,,,SAM Control,SAM_8586,No Mission,1,0,1,,DLAB_2018-04-12_09-33-02_217_812,DLAB_2018-04-12_15-39-16_217_235,1024,-1,0,+INF,0,65535,0,-NAN,$05 $00 Pixel,$03 $05 Intensity counts,$f0 $05 Error counts,$f1 $00 Status,125
82,28294,0,0,1,95A7_2019-06-16_17-09-40_000_640,SAM_8586,SPECTRUM,RAW,,,2019-06-16 17:09:40,0,0,,,,,SAM Control,SAM_8586,No Mission,1,0,1,,DLAB_2018-04-12_09-33-02_217_812,DLAB_2018-04-12_15-39-16_217_235,1024,-1,0,+INF,0,65535,0,-NAN,$05 $00 Pixel,$03 $05 Intensity counts,$f0 $05 Error counts,$f1 $00 Status,125
83,26574,0,0,1,95A7_2019-06-16_17-09-40_000_640,SAM_8586,SPECTRUM,RAW,,,2019-06-16 17:09:40,0,0,,,,,SAM Control,SAM_8586,No Mission,1,0,1,,DLAB_2018-04-12_09-33-02_217_812,DLAB_2018-04-12_15-39-16_217_235,1024,-1,0,+INF,0,65535,0,-NAN,$05 $00 Pixel,$03 $05 Intensity counts,$f0 $05 Error counts,$f1 $00 Status,125
84,24488,0,0,1,95A7_2019-06-16_17-09-40_000_640,SAM_8586,SPECTRUM,RAW,,,2019-06-16 17:09:40,0,0,,,,,SAM Control,SAM_8586,No Mission,1,0,1,,DLAB_2018-04-12_09-33-02_217_812,DLAB_2018-04-12_15-39-16_217_235,1024,-1,0,+INF,0,65535,0,-NAN,$05 $00 Pixel,$03 $05 Intensity counts,$f0 $05 Error counts,$f1 $00 Status,125
85,22469,0,0,1,95A7_2019-06-16_17-09-40_000_640,SAM_8586,SPECTRUM,RAW,,,2019-06-16 17:09:40,0,0,,,,,SAM Control,SAM_8586,No Mission,1,0,1,,DLAB_2018-04-12_09-33-02_217_812,DLAB_2018-04-12_15-39-16_217_235,1024,-1,0,+INF,0,65535,0,-NAN,$05 $00 Pixel,$03 $05 Intensity counts,$f0 $05 Error counts,$f1 $00 Status,125
86,20795,0,0,1,95A7_2019-06-16_17-09-40_000_640,SAM_8586,SPECTRUM,RAW,,,2019-06-16 17:09:40,0,0,,,,,SAM Control,SAM_8586,No Mission,1,0,1,,DLAB_2018-04-12_09-33-02_217_812,DLAB_2018-04-12_15-39-16_217_235,1024,-1,0,+INF,0,65535,0,-NAN,$05 $00 Pixel,$03 $05 Intensity counts,$f0 $05 Error counts,$f1 $00 Status,125
87,19251,0,0,1,95A7_2019-06-16_17-09-40_000_640,SAM_8586,SPECTRUM,RAW,,,2019-06-16 17:09:40,0,0,,,,,SAM Control,SAM_8586,No Mission,1,0,1,,DLAB_2018-04-12_09-33-02_217_812,DLAB_2018-04-12_15-39-16_217_235,1024,-1,0,+INF,0,65535,0,-NAN,$05 $00 Pixel,$03 $05 Intensity counts,$f0 $05 Error counts,$f1 $00 Status,125
88,17862,0,0,1,95A7_2019-06-16_17-09-40_000_640,SAM_8586,SPECTRUM,RAW,,,2019-06-16 17:09:40,0,0,,,,,SAM Control,SAM_8586,No Mission,1,0,1,,DLAB_2018-04-12_09-33-02_217_812,DLAB_2018-04-12_15-39-16_217_235,1024,-1,0,+INF,0,65535,0,-NAN,$05 $00 Pixel,$03 $05 Intensity counts,$f0 $05 Error counts,$f1 $00 Status,125
89,16845,0,0,1,95A7_2019-06-16_17-09-40_000_640,SAM_8586,SPECTRUM,RAW,,,2019-06-16 17:09:40,0,0,,,,,SAM Control,SAM_8586,No Mission,1,0,1,,DLAB_2018-04-12_09-33-02_217_812,DLAB_2018-04-12_15-39-16_217_235,1024,-1,0,+INF,0,65535,0,-NAN,$05 $00 Pixel,$03 $05 Intensity counts,$f0 $05 Error counts,$f1 $00 Status,125
90,16165,0,0,1,95A7_2019-06-16_17-09-40_000_640,SAM_8586,SPECTRUM,RAW,,,2019-06-16 17:09:40,0,0,,,,,SAM Control,SAM_8586,No Mission,1,0,1,,DLAB_2018-04-12_09-33-02_217_812,DLAB_2018-04-12_15-39-16_217_235,1024,-1,0,+INF,0,65535,0,-NAN,$05 $00 Pixel,$03 $05 Intensity counts,$f0 $05 Error counts,$f1 $00 Status,125
91,15602,0,0,1,95A7_2019-06-16_17-09-40_000_640,SAM_8586,SPECTRUM,RAW,,,2019-06-16 17:09:40,0,0,,,,,SAM Control,SAM_8586,No Mission,1,0,1,,DLAB_2018-04-12_09-33-02_217_812,DLAB_2018-04-12_15-39-16_217_235,1024,-1,0,+INF,0,65535,0,-NAN,$05 $00 Pixel,$03 $05 Intensity counts,$f0 $05 Error counts,$f1 $00 Status,125
92,15162,0,0,1,95A7_2019-06-16_17-09-40_000_640,SAM_8586,SPECTRUM,RAW,,,2019-06-16 17:09:40,0,0,,,,,SAM Control,SAM_8586,No Mission,1,0,1,,DLAB_2018-04-12_09-33-02_217_812,DLAB_2018-04-12_15-39-16_217_235,1024,-1,0,+INF,0,65535,0,-NAN,$05 $00 Pixel,$03 $05 Intensity counts,$f0 $05 Error counts,$f1 $00 Status,125
93,14826,0,0,1,95A7_2019-06-16_17-09-40_000_640,SAM_8586,SPECTRUM,RAW,,,2019-06-16 17:09:40,0,0,,,,,SAM Control,SAM_8586,No Mission,1,0,1,,DLAB_2018-04-12_09-33-02_217_812,DLAB_2018-04-12_15-39-16_217_235,1024,-1,0,+INF,0,65535,0,-NAN,$05 $00 Pixel,$03 $05 Intensity counts,$f0 $05 Error counts,$f1 $00 Status,125
94,14534,0,0,1,95A7_2019-06-16_17-09-40_000_640,SAM_8586,SPECTRUM,RAW,,,2019-06-16 17:09:40,0,0,,,,,SAM Control,SAM_8586,No Mission,1,0,1,,DLAB_2018-04-12_09-33-02_217_812,DLAB_2018-04-12_15-39-16_217_235,1024,-1,0,+INF,0,65535,0,-NAN,$05 $00 Pixel,$03 $05 Intensity counts,$f0 $05 Error counts,$f1 $00 Status,125
95,14181,0,0,1,95A7_2019-06-16_17-09-40_000_640,SAM_8586,SPECTRUM,RAW,,,2019-06-16 17:09:40,0,0,,,,,SAM Control,SAM_8586,No Mission,1,0,1,,DLAB_2018-04-12_09-33-02_217_812,DLAB_2018-04-12_15-39-16_217_235,1024,-1,0,+INF,0,65535,0,-NAN,$05 $00 Pixel,$03 $05 Intensity counts,$f0 $05 Error counts,$f1 $00 Status,125
96,13776,0,0,1,95A7_2019-06-16_17-09-40_000_640,SAM_8586,SPECTRUM,RAW,,,2019-06-16 17:09:40,0,0,,,,,SAM Control,SAM_8586,No Mission,1,0,1,,DLAB_2018-04-12_09-33-02_217_812,DLAB_2018-04-12_15-39-16_217_235,1024,-1,0,+INF,0,65535,0,-NAN,$05 $00 Pixel,$03 $05 Intensity counts,$f0 $05 Error counts,$f1 $00 Status,125
97,13375,0,0,1,95A7_2019-06-16_17-09-40_000_640,SAM_8586,SPECTRUM,RAW,,,2019-06-16 17:09:40,0,0,,,,,SAM Control,SAM_8586,No Mission,1,0,1,,DLAB_2018-04-12_09-33-02_217_812,DLAB_2018-04-12_15-39-16_217_235,1024,-1,0,+INF,0,65535,0,-NAN,$05 $00 Pixel,$03 $05 Intensity counts,$f0 $05 Error counts,$f1 $00 Status,125
98,13026,0,0,1,95A7_2019-06-16_17-09-40_000_640,SAM_8586,SPECTRUM,RAW,,,2019-06-16 17:09:40,0,0,,,,,SAM Control,SAM_8586,No Mission,1,0,1,,DLAB_2018-04-12_09-33-02_217_812,DLAB_2018-04-12_15-39-16_217_235,1024,-1,0,+INF,0,65535,0,-NAN,$05 $00 Pixel,$03 $05 Intensity counts,$f0 $05 Error counts,$f1 $00 Status,125
99,12698,0,0,1,95A7_2019-06-16_17-09-40_000_640,SAM_8586,SPECTRUM,RAW,,,2019-06-16 17:09:40,0,0,,,,,SAM Control,SAM_8586,No Mission,1,0,1,,DLAB_2018-04-12_09-33-02_217_812,DLAB_2018-04-12_15-39-16_217_235,1024,-1,0,+INF,0,65535,0,-NAN,$05 $00 Pixel,$03 $05 Intensity counts,$f0 $05 Error counts,$f1 $00 Status,125
100,12307,0,0,1,95A7_2019-06-16_17-09-40_000_640,SAM_8586,SPECTRUM,RAW,,,2019-06-16 17:09:40,0,0,,,,,SAM Control,SAM_8586,No Mission,1,0,1,,DLAB_2018-04-12_09-33-02_217_812,DLAB_2018-04-12_15-39-16_217_235,1024,-1,0,+INF,0,65535,0,-NAN,$05 $00 Pixel,$03 $05 Intensity counts,$f0 $05 Error counts,$f1 $00 Status,125
101,11863,0,0,1,95A7_2019-06-16_17-09-40_000_640,SAM_8586,SPECTRUM,RAW,,,2019-06-16 17:09:40,0,0,,,,,SAM Control,SAM_8586,No Mission,1,0,1,,DLAB_2018-04-12_09-33-02_217_812,DLAB_2018-04-12_15-39-16_217_235,1024,-1,0,+INF,0,65535,0,-NAN,$05 $00 Pixel,$03 $05 Intensity counts,$f0 $05 Error counts,$f1 $00 Status,125
102,11401,0,0,1,95A7_2019-06-16_17-09-40_000_640,SAM_8586,SPECTRUM,RAW,,,2019-06-16 17:09:40,0,0,,,,,SAM Control,SAM_8586,No Mission,1,0,1,,DLAB_2018-04-12_09-33-02_217_812,DLAB_2018-04-12_15-39-16_217_235,1024,-1,0,+INF,0,65535,0,-NAN,$05 $00 Pixel,$03 $05 Intensity counts,$f0 $05 Error counts,$f1 $00 Status,125
103,10947,0,0,1,95A7_2019-06-16_17-09-40_000_640,SAM_8586,SPECTRUM,RAW,,,2019-06-16 17:09:40,0,0,,,,,SAM Control,SAM_8586,No Mission,1,0,1,,DLAB_2018-04-12_09-33-02_217_812,DLAB_2018-04-12_15-39-16_217_235,1024,-1,0,+INF,0,65535,0,-NAN,$05 $00 Pixel,$03 $05 Intensity counts,$f0 $05 Error counts,$f1 $00 Status,125
104,10500,0,0,1,95A7_2019-06-16_17-09-40_000_640,SAM_8586,SPECTRUM,RAW,,,2019-06-16 17:09:40,0,0,,,,,SAM Control,SAM_8586,No Mission,1,0,1,,DLAB_2018-04-12_09-33-02_217_812,DLAB_2018-04-12_15-39-16_217_235,1024,-1,0,+INF,0,65535,0,-NAN,$05 $00 Pixel,$03 $05 Intensity counts,$f0 $05 Error counts,$f1 $00 Status,125
105,10122,0,0,1,95A7_2019-06-16_17-09-40_000_640,SAM_8586,SPECTRUM,RAW,,,2019-06-16 17:09:40,0,0,,,,,SAM Control,SAM_8586,No Mission,1,0,1,,DLAB_2018-04-12_09-33-02_217_812,DLAB_2018-04-12_15-39-16_217_235,1024,-1,0,+INF,0,65535,0,-NAN,$05 $00 Pixel,$03 $05 Intensity counts,$f0 $05 Error counts,$f1 $00 Status,125
106,9905,0,0,1,95A7_2019-06-16_17-09-40_000_640,SAM_8586,SPECTRUM,RAW,,,2019-06-16 17:09:40,0,0,,,,,SAM Control,SAM_8586,No Mission,1,0,1,,DLAB_2018-04-12_09-33-02_217_812,DLAB_2018-04-12_15-39-16_217_235,1024,-1,0,+INF,0,65535,0,-NAN,$05 $00 Pixel,$03 $05 Intensity counts,$f0 $05 Error counts,$f1 $00 Status,125
107,9688,0,0,1,95A7_2019-06-16_17-09-40_000_640,SAM_8586,SPECTRUM,RAW,,,2019-06-16 17:09:40,0,0,,,,,SAM Control,SAM_8586,No Mission,1,0,1,,DLAB_2018-04-12_09-33-02_217_812,DLAB_2018-04-12_15-39-16_217_235,1024,-1,0,+INF,0,65535,0,-NAN,$05 $00 Pixel,$03 $05 Intensity counts,$f0 $05 Error counts,$f1 $00 Status,125
108,9488,0,0,1,95A7_2019-06-16_17-09-40_000_640,SAM_8586,SPECTRUM,RAW,,,2019-06-16 17:09:40,0,0,,,,,SAM Control,SAM_8586,No Mission,1,0,1,,DLAB_2018-04-12_09-33-02_217_812,DLAB_2018-04-12_15-39-16_217_235,1024,-1,0,+INF,0,65535,0,-NAN,$05 $00 Pixel,$03 $05 Intensity counts,$f0 $05 Error counts,$f1 $00 Status,125
109,9328,0,0,1,95A7_2019-06-16_17-09-40_000_640,SAM_8586,SPECTRUM,RAW,,,2019-06-16 17:09:40,0,0,,,,,SAM Control,SAM_8586,No Mission,1,0,1,,DLAB_2018-04-12_09-33-02_217_812,DLAB_2018-04-12_15-39-16_217_235,1024,-1,0,+INF,0,65535,0,-NAN,$05 $00 Pixel,$03 $05 Intensity counts,$f0 $05 Error counts,$f1 $00 Status,125
110,9228,0,0,1,95A7_2019-06-16_17-09-40_000_640,SAM_8586,SPECTRUM,RAW,,,2019-06-16 17:09:40,0,0,,,,,SAM Control,SAM_8586,No Mission,1,0,1,,DLAB_2018-04-12_09-33-02_217_812,DLAB_2018-04-12_15-39-16_217_235,1024,-1,0,+INF,0,65535,0,-NAN,$05 $00 Pixel,$03 $05 Intensity counts,$f0 $05 Error counts,$f1 $00 Status,125
111,9128,0,0,1,95A7_2019-06-16_17-09-40_000_640,SAM_8586,SPECTRUM,RAW,,,2019-06-16 17:09:40,0,0,,,,,SAM Control,SAM_8586,No Mission,1,0,1,,DLAB_2018-04-12_09-33-02_217_812,DLAB_2018-04-12_15-39-16_217_235,1024,-1,0,+INF,0,65535,0,-NAN,$05 $00 Pixel,$03 $05 Intensity counts,$f0 $05 Error counts,$f1 $00 Status,125
112,8934,0,0,1,95A7_2019-06-16_17-09-40_000_640,SAM_8586,SPECTRUM,RAW,,,2019-06-16 17:09:40,0,0,,,,,SAM Control,SAM_8586,No Mission,1,0,1,,DLAB_2018-04-12_09-33-02_217_812,DLAB_2018-04-12_15-39-16_217_235,1024,-1,0,+INF,0,65535,0,-NAN,$05 $00 Pixel,$03 $05 Intensity counts,$f0 $05 Error counts,$f1 $00 Status,125
113,8525,0,0,1,95A7_2019-06-16_17-09-40_000_640,SAM_8586,SPECTRUM,RAW,,,2019-06-16 17:09:40,0,0,,,,,SAM Control,SAM_8586,No Mission,1,0,1,,DLAB_2018-04-12_09-33-02_217_812,DLAB_2018-04-12_15-39-16_217_235,1024,-1,0,+INF,0,65535,0,-NAN,$05 $00 Pixel,$03 $05 Intensity counts,$f0 $05 Error counts,$f1 $00 Status,125
114,8063,0,0,1,95A7_2019-06-16_17-09-40_000_640,SAM_8586,SPECTRUM,RAW,,,2019-06-16 17:09:40,0,0,,,,,SAM Control,SAM_8586,No Mission,1,0,1,,DLAB_2018-04-12_09-33-02_217_812,DLAB_2018-04-12_15-39-16_217_235,1024,-1,0,+INF,0,65535,0,-NAN,$05 $00 Pixel,$03 $05 Intensity counts,$f0 $05 Error counts,$f1 $00 Status,125
115,7774,0,0,1,95A7_2019-06-16_17-09-40_000_640,SAM_8586,SPECTRUM,RAW,,,2019-06-16 17:09:40,0,0,,,,,SAM Control,SAM_8586,No Mission,1,0,1,,DLAB_2018-04-12_09-33-02_217_812,DLAB_2018-04-12_15-39-16_217_235,1024,-1,0,+INF,0,65535,0,-NAN,$05 $00 Pixel,$03 $05 Intensity counts,$f0 $05 Error counts,$f1 $00 Status,125
116,7694,0,0,1,95A7_2019-06-16_17-09-40_000_640,SAM_8586,SPECTRUM,RAW,,,2019-06-16 17:09:40,0,0,,,,,SAM Control,SAM_8586,No Mission,1,0,1,,DLAB_2018-04-12_09-33-02_217_812,DLAB_2018-04-12_15-39-16_217_235,1024,-1,0,+INF,0,65535,0,-NAN,$05 $00 Pixel,$03 $05 Intensity counts,$f0 $05 Error counts,$f1 $00 Status,125
117,7583,0,0,1,95A7_2019-06-16_17-09-40_000_640,SAM_8586,SPECTRUM,RAW,,,2019-06-16 17:09:40,0,0,,,,,SAM Control,SAM_8586,No Mission,1,0,1,,DLAB_2018-04-12_09-33-02_217_812,DLAB_2018-04-12_15-39-16_217_235,1024,-1,0,+INF,0,65535,0,-NAN,$05 $00 Pixel,$03 $05 Intensity counts,$f0 $05 Error counts,$f1 $00 Status,125
118,7449,0,0,1,95A7_2019-06-16_17-09-40_000_640,SAM_8586,SPECTRUM,RAW,,,2019-06-16 17:09:40,0,0,,,,,SAM Control,SAM_8586,No Mission,1,0,1,,DLAB_2018-04-12_09-33-02_217_812,DLAB_2018-04-12_15-39-16_217_235,1024,-1,0,+INF,0,65535,0,-NAN,$05 $00 Pixel,$03 $05 Intensity counts,$f0 $05 Error counts,$f1 $00 Status,125
119,7319,0,0,1,95A7_2019-06-16_17-09-40_000_640,SAM_8586,SPECTRUM,RAW,,,2019-06-16 17:09:40,0,0,,,,,SAM Control,SAM_8586,No Mission,1,0,1,,DLAB_2018-04-12_09-33-02_217_812,DLAB_2018-04-12_15-39-16_217_235,1024,-1,0,+INF,0,65535,0,-NAN,$05 $00 Pixel,$03 $05 Intensity counts,$f0 $05 Error counts,$f1 $00 Status,125
120,7158,0,0,1,95A7_2019-06-16_17-09-40_000_640,SAM_8586,SPECTRUM,RAW,,,2019-06-16 17:09:40,0,0,,,,,SAM Control,SAM_8586,No Mission,1,0,1,,DLAB_2018-04-12_09-33-02_217_812,DLAB_2018-04-12_15-39-16_217_235,1024,-1,0,+INF,0,65535,0,-NAN,$05 $00 Pixel,$03 $05 Intensity counts,$f0 $05 Error counts,$f1 $00 Status,125
121,6892,0,0,1,95A7_2019-06-16_17-09-40_000_640,SAM_8586,SPECTRUM,RAW,,,2019-06-16 17:09:40,0,0,,,,,SAM Control,SAM_8586,No Mission,1,0,1,,DLAB_2018-04-12_09-33-02_217_812,DLAB_2018-04-12_15-39-16_217_235,1024,-1,0,+INF,0,65535,0,-NAN,$05 $00 Pixel,$03 $05 Intensity counts,$f0 $05 Error counts,$f1 $00 Status,125
122,6420,0,0,1,95A7_2019-06-16_17-09-40_000_640,SAM_8586,SPECTRUM,RAW,,,2019-06-16 17:09:40,0,0,,,,,SAM Control,SAM_8586,No Mission,1,0,1,,DLAB_2018-04-12_09-33-02_217_812,DLAB_2018-04-12_15-39-16_217_235,1024,-1,0,+INF,0,65535,0,-NAN,$05 $00 Pixel,$03 $05 Intensity counts,$f0 $05 Error counts,$f1 $00 Status,125
123,5842,0,0,1,95A7_2019-06-16_17-09-40_000_640,SAM_8586,SPECTRUM,RAW,,,2019-06-16 17:09:40,0,0,,,,,SAM Control,SAM_8586,No Mission,1,0,1,,DLAB_2018-04-12_09-33-02_217_812,DLAB_2018-04-12_15-39-16_217_235,1024,-1,0,+INF,0,65535,0,-NAN,$05 $00 Pixel,$03 $05 Intensity counts,$f0 $05 Error counts,$f1 $00 Status,125
124,5392,0,0,1,95A7_2019-06-16_17-09-40_000_640,SAM_8586,SPECTRUM,RAW,,,2019-06-16 17:09:40,0,0,,,,,SAM Control,SAM_8586,No Mission,1,0,1,,DLAB_2018-04-12_09-33-02_217_812,DLAB_2018-04-12_15-39-16_217_235,1024,-1,0,+INF,0,65535,0,-NAN,$05 $00 Pixel,$03 $05 Intensity counts,$f0 $05 Error counts,$f1 $00 Status,125
125,5131,0,0,1,95A7_2019-06-16_17-09-40_000_640,SAM_8586,SPECTRUM,RAW,,,2019-06-16 17:09:40,0,0,,,,,SAM Control,SAM_8586,No Mission,1,0,1,,DLAB_2018-04-12_09-33-02_217_812,DLAB_2018-04-12_15-39-16_217_235,1024,-1,0,+INF,0,65535,0,-NAN,$05 $00 Pixel,$03 $05 Intensity counts,$f0 $05 Error counts,$f1 $00 Status,125
126,4969,0,0,1,95A7_2019-06-16_17-09-40_000_640,SAM_8586,SPECTRUM,RAW,,,2019-06-16 17:09:40,0,0,,,,,SAM Control,SAM_8586,No Mission,1,0,1,,DLAB_2018-04-12_09-33-02_217_812,DLAB_2018-04-12_15-39-16_217_235,1024,-1,0,+INF,0,65535,0,-NAN,$05 $00 Pixel,$03 $05 Intensity counts,$f0 $05 Error counts,$f1 $00 Status,125
127,4920,0,0,1,95A7_2019-06-16_17-09-40_000_640,SAM_8586,SPECTRUM,RAW,,,2019-06-16 17:09:40,0,0,,,,,SAM Control,SAM_8586,No Mission,1,0,1,,DLAB_2018-04-12_09-33-02_217_812,DLAB_2018-04-12_15-39-16_217_235,1024,-1,0,+INF,0,65535,0,-NAN,$05 $00 Pixel,$03 $05 Intensity counts,$f0 $05 Error counts,$f1 $00 Status,125
128,4953,0,0,1,95A7_2019-06-16_17-09-40_000_640,SAM_8586,SPECTRUM,RAW,,,2019-06-16 17:09:40,0,0,,,,,SAM Control,SAM_8586,No Mission,1,0,1,,DLAB_2018-04-12_09-33-02_217_812,DLAB_2018-04-12_15-39-16_217_235,1024,-1,0,+INF,0,65535,0,-NAN,$05 $00 Pixel,$03 $05 Intensity counts,$f0 $05 Error counts,$f1 $00 Status,125
129,4970,0,0,1,95A7_2019-06-16_17-09-40_000_640,SAM_8586,SPECTRUM,RAW,,,2019-06-16 17:09:40,0,0,,,,,SAM Control,SAM_8586,No Mission,1,0,1,,DLAB_2018-04-12_09-33-02_217_812,DLAB_2018-04-12_15-39-16_217_235,1024,-1,0,+INF,0,65535,0,-NAN,$05 $00 Pixel,$03 $05 Intensity counts,$f0 $05 Error counts,$f1 $00 Status,125
130,4966,0,0,1,95A7_2019-06-16_17-09-40_000_640,SAM_8586,SPECTRUM,RAW,,,2019-06-16 17:09:40,0,0,,,,,SAM Control,SAM_8586,No Mission,1,0,1,,DLAB_2018-04-12_09-33-02_217_812,DLAB_2018-04-12_15-39-16_217_235,1024,-1,0,+INF,0,65535,0,-NAN,$05 $00 Pixel,$03 $05 Intensity counts,$f0 $05 Error counts,$f1 $00 Status,125
131,4934,0,0,1,95A7_2019-06-16_17-09-40_000_640,SAM_8586,SPECTRUM,RAW,,,2019-06-16 17:09:40,0,0,,,,,SAM Control,SAM_8586,No Mission,1,0,1,,DLAB_2018-04-12_09-33-02_217_812,DLAB_2018-04-12_15-39-16_217_235,1024,-1,0,+INF,0,65535,0,-NAN,$05 $00 Pixel,$03 $05 Intensity counts,$f0 $05 Error counts,$f1 $00 Status,125
132,4883,0,0,1,95A7_2019-06-16_17-09-40_000_640,SAM_8586,SPECTRUM,RAW,,,2019-06-16 17:09:40,0,0,,,,,SAM Control,SAM_8586,No Mission,1,0,1,,DLAB_2018-04-12_09-33-02_217_812,DLAB_2018-04-12_15-39-16_217_235,1024,-1,0,+INF,0,65535,0,-NAN,$05 $00 Pixel,$03 $05 Intensity counts,$f0 $05 Error counts,$f1 $00 Status,125
133,4782,0,0,1,95A7_2019-06-16_17-09-40_000_640,SAM_8586,SPECTRUM,RAW,,,2019-06-16 17:09:40,0,0,,,,,SAM Control,SAM_8586,No Mission,1,0,1,,DLAB_2018-04-12_09-33-02_217_812,DLAB_2018-04-12_15-39-16_217_235,1024,-1,0,+INF,0,65535,0,-NAN,$05 $00 Pixel,$03 $05 Intensity counts,$f0 $05 Error counts,$f1 $00 Status,125
134,4570,0,0,1,95A7_2019-06-16_17-09-40_000_640,SAM_8586,SPECTRUM,RAW,,,2019-06-16 17:09:40,0,0,,,,,SAM Control,SAM_8586,No Mission,1,0,1,,DLAB_2018-04-12_09-33-02_217_812,DLAB_2018-04-12_15-39-16_217_235,1024,-1,0,+INF,0,65535,0,-NAN,$05 $00 Pixel,$03 $05 Intensity counts,$f0 $05 Error counts,$f1 $00 Status,125
135,4045,0,0,1,95A7_2019-06-16_17-09-40_000_640,SAM_8586,SPECTRUM,RAW,,,2019-06-16 17:09:40,0,0,,,,,SAM Control,SAM_8586,No Mission,1,0,1,,DLAB_2018-04-12_09-33-02_217_812,DLAB_2018-04-12_15-39-16_217_235,1024,-1,0,+INF,0,65535,0,-NAN,$05 $00 Pixel,$03 $05 Intensity counts,$f0 $05 Error counts,$f1 $00 Status,125
136,3441,0,0,1,95A7_2019-06-16_17-09-40_000_640,SAM_8586,SPECTRUM,RAW,,,2019-06-16 17:09:40,0,0,,,,,SAM Control,SAM_8586,No Mission,1,0,1,,DLAB_2018-04-12_09-33-02_217_812,DLAB_2018-04-12_15-39-16_217_235,1024,-1,0,+INF,0,65535,0,-NAN,$05 $00 Pixel,$03 $05 Intensity counts,$f0 $05 Error counts,$f1 $00 Status,125
137,3266,0,0,1,95A7_2019-06-16_17-09-40_000_640,SAM_8586,SPECTRUM,RAW,,,2019-06-16 17:09:40,0,0,,,,,SAM Control,SAM_8586,No Mission,1,0,1,,DLAB_2018-04-12_09-33-02_217_812,DLAB_2018-04-12_15-39-16_217_235,1024,-1,0,+INF,0,65535,0,-NAN,$05 $00 Pixel,$03 $05 Intensity counts,$f0 $05 Error counts,$f1 $00 Status,125
138,3570,0,0,1,95A7_2019-06-16_17-09-40_000_640,SAM_8586,SPECTRUM,RAW,,,2019-06-16 17:09:40,0,0,,,,,SAM Control,SAM_8586,No Mission,1,0,1,,DLAB_2018-04-12_09-33-02_217_812,DLAB_2018-04-12_15-39-16_217_235,1024,-1,0,+INF,0,65535,0,-NAN,$05 $00 Pixel,$03 $05 Intensity counts,$f0 $05 Error counts,$f1 $00 Status,125
139,3897,0,0,1,95A7_2019-06-16_17-09-40_000_640,SAM_8586,SPECTRUM,RAW,,,2019-06-16 17:09:40,0,0,,,,,SAM Control,SAM_8586,No Mission,1,0,1,,DLAB_2018-04-12_09-33-02_217_812,DLAB_2018-04-12_15-39-16_217_235,1024,-1,0,+INF,0,65535,0,-NAN,$05 $00 Pixel,$03 $05 Intensity counts,$f0 $05 Error counts,$f1 $00 Status,125
140,4037,0,0,1,95A7_2019-06-16_17-09-40_000_640,SAM_8586,SPECTRUM,RAW,,,2019-06-16 17:09:40,0,0,,,,,SAM Control,SAM_8586,No Mission,1,0,1,,DLAB_2018-04-12_09-33-02_217_812,DLAB_2018-04-12_15-39-16_217_235,1024,-1,0,+INF,0,65535,0,-NAN,$05 $00 Pixel,$03 $05 Intensity counts,$f0 $05 Error counts,$f1 $00 Status,125
141,4043,0,0,1,95A7_2019-06-16_17-09-40_000_640,SAM_8586,SPECTRUM,RAW,,,2019-06-16 17:09:40,0,0,,,,,SAM Control,SAM_8586,No Mission,1,0,1,,DLAB_2018-04-12_09-33-02_217_812,DLAB_2018-04-12_15-39-16_217_235,1024,-1,0,+INF,0,65535,0,-NAN,$05 $00 Pixel,$03 $05 Intensity counts,$f0 $05 Error counts,$f1 $00 Status,125
142,3987,0,0,1,95A7_2019-06-16_17-09-40_000_640,SAM_8586,SPECTRUM,RAW,,,2019-06-16 17:09:40,0,0,,,,,SAM Control,SAM_8586,No Mission,1,0,1,,DLAB_2018-04-12_09-33-02_217_812,DLAB_2018-04-12_15-39-16_217_235,1024,-1,0,+INF,0,65535,0,-NAN,$05 $00 Pixel,$03 $05 Intensity counts,$f0 $05 Error counts,$f1 $00 Status,125
143,3907,0,0,1,95A7_2019-06-16_17-09-40_000_640,SAM_8586,SPECTRUM,RAW,,,2019-06-16 17:09:40,0,0,,,,,SAM Control,SAM_8586,No Mission,1,0,1,,DLAB_2018-04-12_09-33-02_217_812,DLAB_2018-04-12_15-39-16_217_235,1024,-1,0,+INF,0,65535,0,-NAN,$05 $00 Pixel,$03 $05 Intensity counts,$f0 $05 Error counts,$f1 $00 Status,125
144,3797,0,0,1,95A7_2019-06-16_17-09-40_000_640,SAM_8586,SPECTRUM,RAW,,,2019-06-16 17:09:40,0,0,,,,,SAM Control,SAM_8586,No Mission,1,0,1,,DLAB_2018-04-12_09-33-02_217_812,DLAB_2018-04-12_15-39-16_217_235,1024,-1,0,+INF,0,65535,0,-NAN,$05 $00 Pixel,$03 $05 Intensity counts,$f0 $05 Error counts,$f1 $00 Status,125
145,3677,0,0,1,95A7_2019-06-16_17-09-40_000_640,SAM_8586,SPECTRUM,RAW,,,2019-06-16 17:09:40,0,0,,,,,SAM Control,SAM_8586,No Mission,1,0,1,,DLAB_2018-04-12_09-33-02_217_812,DLAB_2018-04-12_15-39-16_217_235,1024,-1,0,+INF,0,65535,0,-NAN,$05 $00 Pixel,$03 $05 Intensity counts,$f0 $05 Error counts,$f1 $00 Status,125
146,3571,0,0,1,95A7_2019-06-16_17-09-40_000_640,SAM_8586,SPECTRUM,RAW,,,2019-06-16 17:09:40,0,0,,,,,SAM Control,SAM_8586,No Mission,1,0,1,,DLAB_2018-04-12_09-33-02_217_812,DLAB_2018-04-12_15-39-16_217_235,1024,-1,0,+INF,0,65535,0,-NAN,$05 $00 Pixel,$03 $05 Intensity counts,$f0 $05 Error counts,$f1 $00 Status,125
147,3468,0,0,1,95A7_2019-06-16_17-09-40_000_640,SAM_8586,SPECTRUM,RAW,,,2019-06-16 17:09:40,0,0,,,,,SAM Control,SAM_8586,No Mission,1,0,1,,DLAB_2018-04-12_09-33-02_217_812,DLAB_2018-04-12_15-39-16_217_235,1024,-1,0,+INF,0,65535,0,-NAN,$05 $00 Pixel,$03 $05 Intensity counts,$f0 $05 Error counts,$f1 $00 Status,125
148,3371,0,0,1,95A7_2019-06-16_17-09-40_000_640,SAM_8586,SPECTRUM,RAW,,,2019-06-16 17:09:40,0,0,,,,,SAM Control,SAM_8586,No Mission,1,0,1,,DLAB_2018-04-12_09-33-02_217_812,DLAB_2018-04-12_15-39-16_217_235,1024,-1,0,+INF,0,65535,0,-NAN,$05 $00 Pixel,$03 $05 Intensity counts,$f0 $05 Error counts,$f1 $00 Status,125
149,3254,0,0,1,95A7_2019-06-16_17-09-40_000_640,SAM_8586,SPECTRUM,RAW,,,2019-06-16 17:09:40,0,0,,,,,SAM Control,SAM_8586,No Mission,1,0,1,,DLAB_2018-04-12_09-33-02_217_812,DLAB_2018-04-12_15-39-16_217_235,1024,-1,0,+INF,0,65535,0,-NAN,$05 $00 Pixel,$03 $05 Intensity counts,$f0 $05 Error counts,$f1 $00 Status,125
150,3134,0,0,1,95A7_2019-06-16_17-09-40_000_640,SAM_8586,SPECTRUM,RAW,,,2019-06-16 17:09:40,0,0,,,,,SAM Control,SAM_8586,No Mission,1,0,1,,DLAB_2018-04-12_09-33-02_217_812,DLAB_2018-04-12_15-39-16_217_235,1024,-1,0,+INF,0,65535,0,-NAN,$05 $00 Pixel,$03 $05 Intensity counts,$f0 $05 Error counts,$f1 $00 Status,125
151,2964,0,0,1,95A7_2019-06-16_17-09-40_000_640,SAM_8586,SPECTRUM,RAW,,,2019-06-16 17:09:40,0,0,,,,,SAM Control,SAM_8586,No Mission,1,0,1,,DLAB_2018-04-12_09-33-02_217_812,DLAB_2018-04-12_15-39-16_217_235,1024,-1,0,+INF,0,65535,0,-NAN,$05 $00 Pixel,$03 $05 Intensity counts,$f0 $05 Error counts,$f1 $00 Status,125
152,2756,0,0,1,95A7_2019-06-16_17-09-40_000_640,SAM_8586,SPECTRUM,RAW,,,2019-06-16 17:09:40,0,0,,,,,SAM Control,SAM_8586,No Mission,1,0,1,,DLAB_2018-04-12_09-33-02_217_812,DLAB_2018-04-12_15-39-16_217_235,1024,-1,0,+INF,0,65535,0,-NAN,$05 $00 Pixel,$03 $05 Intensity counts,$f0 $05 Error counts,$f1 $00 Status,125
153,2578,0,0,1,95A7_2019-06-16_17-09-40_000_640,SAM_8586,SPECTRUM,RAW,,,2019-06-16 17:09:40,0,0,,,,,SAM Control,SAM_8586,No Mission,1,0,1,,DLAB_2018-04-12_09-33-02_217_812,DLAB_2018-04-12_15-39-16_217_235,1024,-1,0,+INF,0,65535,0,-NAN,$05 $00 Pixel,$03 $05 Intensity counts,$f0 $05 Error counts,$f1 $00 Status,125
154,2471,0,0,1,95A7_2019-06-16_17-09-40_000_640,SAM_8586,SPECTRUM,RAW,,,2019-06-16 17:09:40,0,0,,,,,SAM Control,SAM_8586,No Mission,1,0,1,,DLAB_2018-04-12_09-33-02_217_812,DLAB_2018-04-12_15-39-16_217_235,1024,-1,0,+INF,0,65535,0,-NAN,$05 $00 Pixel,$03 $05 Intensity counts,$f0 $05 Error counts,$f1 $00 Status,125
155,2422,0,0,1,95A7_2019-06-16_17-09-40_000_640,SAM_8586,SPECTRUM,RAW,,,2019-06-16 17:09:40,0,0,,,,,SAM Control,SAM_8586,No Mission,1,0,1,,DLAB_2018-04-12_09-33-02_217_812,DLAB_2018-04-12_15-39-16_217_235,1024,-1,0,+INF,0,65535,0,-NAN,$05 $00 Pixel,$03 $05 Intensity counts,$f0 $05 Error counts,$f1 $00 Status,125
156,2379,0,0,1,95A7_2019-06-16_17-09-40_000_640,SAM_8586,SPECTRUM,RAW,,,2019-06-16 17:09:40,0,0,,,,,SAM Control,SAM_8586,No Mission,1,0,1,,DLAB_2018-04-12_09-33-02_217_812,DLAB_2018-04-12_15-39-16_217_235,1024,-1,0,+INF,0,65535,0,-NAN,$05 $00 Pixel,$03 $05 Intensity counts,$f0 $05 Error counts,$f1 $00 Status,125
157,2333,0,0,1,95A7_2019-06-16_17-09-40_000_640,SAM_8586,SPECTRUM,RAW,,,2019-06-16 17:09:40,0,0,,,,,SAM Control,SAM_8586,No Mission,1,0,1,,DLAB_2018-04-12_09-33-02_217_812,DLAB_2018-04-12_15-39-16_217_235,1024,-1,0,+INF,0,65535,0,-NAN,$05 $00 Pixel,$03 $05 Intensity counts,$f0 $05 Error counts,$f1 $00 Status,125
158,2308,0,0,1,95A7_2019-06-16_17-09-40_000_640,SAM_8586,SPECTRUM,RAW,,,2019-06-16 17:09:40,0,0,,,,,SAM Control,SAM_8586,No Mission,1,0,1,,DLAB_2018-04-12_09-33-02_217_812,DLAB_2018-04-12_15-39-16_217_235,1024,-1,0,+INF,0,65535,0,-NAN,$05 $00 Pixel,$03 $05 Intensity counts,$f0 $05 Error counts,$f1 $00 Status,125
159,2292,0,0,1,95A7_2019-06-16_17-09-40_000_640,SAM_8586,SPECTRUM,RAW,,,2019-06-16 17:09:40,0,0,,,,,SAM Control,SAM_8586,No Mission,1,0,1,,DLAB_2018-04-12_09-33-02_217_812,DLAB_2018-04-12_15-39-16_217_235,1024,-1,0,+INF,0,65535,0,-NAN,$05 $00 Pixel,$03 $05 Intensity counts,$f0 $05 Error counts,$f1 $00 Status,125
160,2275,0,0,1,95A7_2019-06-16_17-09-40_000_640,SAM_8586,SPECTRUM,RAW,,,2019-06-16 17:09:40,0,0,,,,,SAM Control,SAM_8586,No Mission,1,0,1,,DLAB_2018-04-12_09-33-02_217_812,DLAB_2018-04-12_15-39-16_217_235,1024,-1,0,+INF,0,65535,0,-NAN,$05 $00 Pixel,$03 $05 Intensity counts,$f0 $05 Error counts,$f1 $00 Status,125
161,2240,0,0,1,95A7_2019-06-16_17-09-40_000_640,SAM_8586,SPECTRUM,RAW,,,2019-06-16 17:09:40,0,0,,,,,SAM Control,SAM_8586,No Mission,1,0,1,,DLAB_2018-04-12_09-33-02_217_812,DLAB_2018-04-12_15-39-16_217_235,1024,-1,0,+INF,0,65535,0,-NAN,$05 $00 Pixel,$03 $05 Intensity counts,$f0 $05 Error counts,$f1 $00 Status,125
162,2195,0,0,1,95A7_2019-06-16_17-09-40_000_640,SAM_8586,SPECTRUM,RAW,,,2019-06-16 17:09:40,0,0,,,,,SAM Control,SAM_8586,No Mission,1,0,1,,DLAB_2018-04-12_09-33-02_217_812,DLAB_2018-04-12_15-39-16_217_235,1024,-1,0,+INF,0,65535,0,-NAN,$05 $00 Pixel,$03 $05 Intensity counts,$f0 $05 Error counts,$f1 $00 Status,125
163,2139,0,0,1,95A7_2019-06-16_17-09-40_000_640,SAM_8586,SPECTRUM,RAW,,,2019-06-16 17:09:40,0,0,,,,,SAM Control,SAM_8586,No Mission,1,0,1,,DLAB_2018-04-12_09-33-02_217_812,DLAB_2018-04-12_15-39-16_217_235,1024,-1,0,+INF,0,65535,0,-NAN,$05 $00 Pixel,$03 $05 Intensity counts,$f0 $05 Error counts,$f1 $00 Status,125
164,2086,0,0,1,95A7_2019-06-16_17-09-40_000_640,SAM_8586,SPECTRUM,RAW,,,2019-06-16 17:09:40,0,0,,,,,SAM Control,SAM_8586,No Mission,1,0,1,,DLAB_2018-04-12_09-33-02_217_812,DLAB_2018-04-12_15-39-16_217_235,1024,-1,0,+INF,0,65535,0,-NAN,$05 $00 Pixel,$03 $05 Intensity counts,$f0 $05 Error counts,$f1 $00 Status,125
165,2049,0,0,1,95A7_2019-06-16_17-09-40_000_640,SAM_8586,SPECTRUM,RAW,,,2019-06-16 17:09:40,0,0,,,,,SAM Control,SAM_8586,No Mission,1,0,1,,DLAB_2018-04-12_09-33-02_217_812,DLAB_2018-04-12_15-39-16_217_235,1024,-1,0,+INF,0,65535,0,-NAN,$05 $00 Pixel,$03 $05 Intensity counts,$f0 $05 Error counts,$f1 $00 Status,125
166,2020,0,0,1,95A7_2019-06-16_17-09-40_000_640,SAM_8586,SPECTRUM,RAW,,,2019-06-16 17:09:40,0,0,,,,,SAM Control,SAM_8586,No Mission,1,0,1,,DLAB_2018-04-12_09-33-02_217_812,DLAB_2018-04-12_15-39-16_217_235,1024,-1,0,+INF,0,65535,0,-NAN,$05 $00 Pixel,$03 $05 Intensity counts,$f0 $05 Error counts,$f1 $00 Status,125
167,1974,0,0,1,95A7_2019-06-16_17-09-40_000_640,SAM_8586,SPECTRUM,RAW,,,2019-06-16 17:09:40,0,0,,,,,SAM Control,SAM_8586,No Mission,1,0,1,,DLAB_2018-04-12_09-33-02_217_812,DLAB_2018-04-12_15-39-16_217_235,1024,-1,0,+INF,0,65535,0,-NAN,$05 $00 Pixel,$03 $05 Intensity counts,$f0 $05 Error counts,$f1 $00 Status,125
168,1936,0,0,1,95A7_2019-06-16_17-09-40_000_640,SAM_8586,SPECTRUM,RAW,,,2019-06-16 17:09:40,0,0,,,,,SAM Control,SAM_8586,No Mission,1,0,1,,DLAB_2018-04-12_09-33-02_217_812,DLAB_2018-04-12_15-39-16_217_235,1024,-1,0,+INF,0,65535,0,-NAN,$05 $00 Pixel,$03 $05 Intensity counts,$f0 $05 Error counts,$f1 $00 Status,125
169,1889,0,0,1,95A7_2019-06-16_17-09-40_000_640,SAM_8586,SPECTRUM,RAW,,,2019-06-16 17:09:40,0,0,,,,,SAM Control,SAM_8586,No Mission,1,0,1,,DLAB_2018-04-12_09-33-02_217_812,DLAB_2018-04-12_15-39-16_217_235,1024,-1,0,+INF,0,65535,0,-NAN,$05 $00 Pixel,$03 $05 Intensity counts,$f0 $05 Error counts,$f1 $00 Status,125
170,1869,0,0,1,95A7_2019-06-16_17-09-40_000_640,SAM_8586,SPECTRUM,RAW,,,2019-06-16 17:09:40,0,0,,,,,SAM Control,SAM_8586,No Mission,1,0,1,,DLAB_2018-04-12_09-33-02_217_812,DLAB_2018-04-12_15-39-16_217_235,1024,-1,0,+INF,0,65535,0,-NAN,$05 $00 Pixel,$03 $05 Intensity counts,$f0 $05 Error counts,$f1 $00 Status,125
171,1826,0,0,1,95A7_2019-06-16_17-09-40_000_640,SAM_8586,SPECTRUM,RAW,,,2019-06-16 17:09:40,0,0,,,,,SAM Control,SAM_8586,No Mission,1,0,1,,DLAB_2018-04-12_09-33-02_217_812,DLAB_2018-04-12_15-39-16_217_235,1024,-1,0,+INF,0,65535,0,-NAN,$05 $00 Pixel,$03 $05 Intensity counts,$f0 $05 Error counts,$f1 $00 Status,125
172,1798,0,0,1,95A7_2019-06-16_17-09-40_000_640,SAM_8586,SPECTRUM,RAW,,,2019-06-16 17:09:40,0,0,,,,,SAM Control,SAM_8586,No Mission,1,0,1,,DLAB_2018-04-12_09-33-02_217_812,DLAB_2018-04-12_15-39-16_217_235,1024,-1,0,+INF,0,65535,0,-NAN,$05 $00 Pixel,$03 $05 Intensity counts,$f0 $05 Error counts,$f1 $00 Status,125
173,1760,0,0,1,95A7_2019-06-16_17-09-40_000_640,SAM_8586,SPECTRUM,RAW,,,2019-06-16 17:09:40,0,0,,,,,SAM Control,SAM_8586,No Mission,1,0,1,,DLAB_2018-04-12_09-33-02_217_812,DLAB_2018-04-12_15-39-16_217_235,1024,-1,0,+INF,0,65535,0,-NAN,$05 $00 Pixel,$03 $05 Intensity counts,$f0 $05 Error counts,$f1 $00 Status,125
174,1732,0,0,1,95A7_2019-06-16_17-09-40_000_640,SAM_8586,SPECTRUM,RAW,,,2019-06-16 17:09:40,0,0,,,,,SAM Control,SAM_8586,No Mission,1,0,1,,DLAB_2018-04-12_09-33-02_217_812,DLAB_2018-04-12_15-39-16_217_235,1024,-1,0,+INF,0,65535,0,-NAN,$05 $00 Pixel,$03 $05 Intensity counts,$f0 $05 Error counts,$f1 $00 Status,125
175,1701,0,0,1,95A7_2019-06-16_17-09-40_000_640,SAM_8586,SPECTRUM,RAW,,,2019-06-16 17:09:40,0,0,,,,,SAM Control,SAM_8586,No Mission,1,0,1,,DLAB_2018-04-12_09-33-02_217_812,DLAB_2018-04-12_15-39-16_217_235,1024,-1,0,+INF,0,65535,0,-NAN,$05 $00 Pixel,$03 $05 Intensity counts,$f0 $05 Error counts,$f1 $00 Status,125
176,1650,0,0,1,95A7_2019-06-16_17-09-40_000_640,SAM_8586,SPECTRUM,RAW,,,2019-06-16 17:09:40,0,0,,,,,SAM Control,SAM_8586,No Mission,1,0,1,,DLAB_2018-04-12_09-33-02_217_812,DLAB_2018-04-12_15-39-16_217_235,1024,-1,0,+INF,0,65535,0,-NAN,$05 $00 Pixel,$03 $05 Intensity counts,$f0 $05 Error counts,$f1 $00 Status,125
177,1601,0,0,1,95A7_2019-06-16_17-09-40_000_640,SAM_8586,SPECTRUM,RAW,,,2019-06-16 17:09:40,0,0,,,,,SAM Control,SAM_8586,No Mission,1,0,1,,DLAB_2018-04-12_09-33-02_217_812,DLAB_2018-04-12_15-39-16_217_235,1024,-1,0,+INF,0,65535,0,-NAN,$05 $00 Pixel,$03 $05 Intensity counts,$f0 $05 Error counts,$f1 $00 Status,125
178,1551,0,0,1,95A7_2019-06-16_17-09-40_000_640,SAM_8586,SPECTRUM,RAW,,,2019-06-16 17:09:40,0,0,,,,,SAM Control,SAM_8586,No Mission,1,0,1,,DLAB_2018-04-12_09-33-02_217_812,DLAB_2018-04-12_15-39-16_217_235,1024,-1,0,+INF,0,65535,0,-NAN,$05 $00 Pixel,$03 $05 Intensity counts,$f0 $05 Error counts,$f1 $00 Status,125
179,1529,0,0,1,95A7_2019-06-16_17-09-40_000_640,SAM_8586,SPECTRUM,RAW,,,2019-06-16 17:09:40,0,0,,,,,SAM Control,SAM_8586,No Mission,1,0,1,,DLAB_2018-04-12_09-33-02_217_812,DLAB_2018-04-12_15-39-16_217_235,1024,-1,0,+INF,0,65535,0,-NAN,$05 $00 Pixel,$03 $05 Intensity counts,$f0 $05 Error counts,$f1 $00 Status,125
180,1521,0,0,1,95A7_2019-06-16_17-09-40_000_640,SAM_8586,SPECTRUM,RAW,,,2019-06-16 17:09:40,0,0,,,,,SAM Control,SAM_8586,No Mission,1,0,1,,DLAB_2018-04-12_09-33-02_217_812,DLAB_2018-04-12_15-39-16_217_235,1024,-1,0,+INF,0,65535,0,-NAN,$05 $00 Pixel,$03 $05 Intensity counts,$f0 $05 Error counts,$f1 $00 Status,125
181,1492,0,0,1,95A7_2019-06-16_17-09-40_000_640,SAM_8586,SPECTRUM,RAW,,,2019-06-16 17:09:40,0,0,,,,,SAM Control,SAM_8586,No Mission,1,0,1,,DLAB_2018-04-12_09-33-02_217_812,DLAB_2018-04-12_15-39-16_217_235,1024,-1,0,+INF,0,65535,0,-NAN,$05 $00 Pixel,$03 $05 Intensity counts,$f0 $05 Error counts,$f1 $00 Status,125
182,1473,0,0,1,95A7_2019-06-16_17-09-40_000_640,SAM_8586,SPECTRUM,RAW,,,2019-06-16 17:09:40,0,0,,,,,SAM Control,SAM_8586,No Mission,1,0,1,,DLAB_2018-04-12_09-33-02_217_812,DLAB_2018-04-12_15-39-16_217_235,1024,-1,0,+INF,0,65535,0,-NAN,$05 $00 Pixel,$03 $05 Intensity counts,$f0 $05 Error counts,$f1 $00 Status,125
183,1461,0,0,1,95A7_2019-06-16_17-09-40_000_640,SAM_8586,SPECTRUM,RAW,,,2019-06-16 17:09:40,0,0,,,,,SAM Control,SAM_8586,No Mission,1,0,1,,DLAB_2018-04-12_09-33-02_217_812,DLAB_2018-04-12_15-39-16_217_235,1024,-1,0,+INF,0,65535,0,-NAN,$05 $00 Pixel,$03 $05 Intensity counts,$f0 $05 Error counts,$f1 $00 Status,125
184,1457,0,0,1,95A7_2019-06-16_17-09-40_000_640,SAM_8586,SPECTRUM,RAW,,,2019-06-16 17:09:40,0,0,,,,,SAM Control,SAM_8586,No Mission,1,0,1,,DLAB_2018-04-12_09-33-02_217_812,DLAB_2018-04-12_15-39-16_217_235,1024,-1,0,+INF,0,65535,0,-NAN,$05 $00 Pixel,$03 $05 Intensity counts,$f0 $05 Error counts,$f1 $00 Status,125
185,1451,0,0,1,95A7_2019-06-16_17-09-40_000_640,SAM_8586,SPECTRUM,RAW,,,2019-06-16 17:09:40,0,0,,,,,SAM Control,SAM_8586,No Mission,1,0,1,,DLAB_2018-04-12_09-33-02_217_812,DLAB_2018-04-12_15-39-16_217_235,1024,-1,0,+INF,0,65535,0,-NAN,$05 $00 Pixel,$03 $05 Intensity counts,$f0 $05 Error counts,$f1 $00 Status,125
186,1438,0,0,1,95A7_2019-06-16_17-09-40_000_640,SAM_8586,SPECTRUM,RAW,,,2019-06-16 17:09:40,0,0,,,,,SAM Control,SAM_8586,No Mission,1,0,1,,DLAB_2018-04-12_09-33-02_217_812,DLAB_2018-04-12_15-39-16_217_235,1024,-1,0,+INF,0,65535,0,-NAN,$05 $00 Pixel,$03 $05 Intensity counts,$f0 $05 Error counts,$f1 $00 Status,125
187,1396,0,0,1,95A7_2019-06-16_17-09-40_000_640,SAM_8586,SPECTRUM,RAW,,,2019-06-16 17:09:40,0,0,,,,,SAM Control,SAM_8586,No Mission,1,0,1,,DLAB_2018-04-12_09-33-02_217_812,DLAB_2018-04-12_15-39-16_217_235,1024,-1,0,+INF,0,65535,0,-NAN,$05 $00 Pixel,$03 $05 Intensity counts,$f0 $05 Error counts,$f1 $00 Status,125
188,1344,0,0,1,95A7_2019-06-16_17-09-40_000_640,SAM_8586,SPECTRUM,RAW,,,2019-06-16 17:09:40,0,0,,,,,SAM Control,SAM_8586,No Mission,1,0,1,,DLAB_2018-04-12_09-33-02_217_812,DLAB_2018-04-12_15-39-16_217_235,1024,-1,0,+INF,0,65535,0,-NAN,$05 $00 Pixel,$03 $05 Intensity counts,$f0 $05 Error counts,$f1 $00 Status,125
189,1323,0,0,1,95A7_2019-06-16_17-09-40_000_640,SAM_8586,SPECTRUM,RAW,,,2019-06-16 17:09:40,0,0,,,,,SAM Control,SAM_8586,No Mission,1,0,1,,DLAB_2018-04-12_09-33-02_217_812,DLAB_2018-04-12_15-39-16_217_235,1024,-1,0,+INF,0,65535,0,-NAN,$05 $00 Pixel,$03 $05 Intensity counts,$f0 $05 Error counts,$f1 $00 Status,125
190,1306,0,0,1,95A7_2019-06-16_17-09-40_000_640,SAM_8586,SPECTRUM,RAW,,,2019-06-16 17:09:40,0,0,,,,,SAM Control,SAM_8586,No Mission,1,0,1,,DLAB_2018-04-12_09-33-02_217_812,DLAB_2018-04-12_15-39-16_217_235,1024,-1,0,+INF,0,65535,0,-NAN,$05 $00 Pixel,$03 $05 Intensity counts,$f0 $05 Error counts,$f1 $00 Status,125
191,1302,0,0,1,95A7_2019-06-16_17-09-40_000_640,SAM_8586,SPECTRUM,RAW,,,2019-06-16 17:09:40,0,0,,,,,SAM Control,SAM_8586,No Mission,1,0,1,,DLAB_2018-04-12_09-33-02_217_812,DLAB_2018-04-12_15-39-16_217_235,1024,-1,0,+INF,0,65535,0,-NAN,$05 $00 Pixel,$03 $05 Intensity counts,$f0 $05 Error counts,$f1 $00 Status,125
192,1306,0,0,1,95A7_2019-06-16_17-09-40_000_640,SAM_8586,SPECTRUM,RAW,,,2019-06-16 17:09:40,0,0,,,,,SAM Control,SAM_8586,No Mission,1,0,1,,DLAB_2018-04-12_09-33-02_217_812,DLAB_2018-04-12_15-39-16_217_235,1024,-1,0,+INF,0,65535,0,-NAN,$05 $00 Pixel,$03 $05 Intensity counts,$f0 $05 Error counts,$f1 $00 Status,125
193,1300,0,0,1,95A7_2019-06-16_17-09-40_000_640,SAM_8586,SPECTRUM,RAW,,,2019-06-16 17:09:40,0,0,,,,,SAM Control,SAM_8586,No Mission,1,0,1,,DLAB_2018-04-12_09-33-02_217_812,DLAB_2018-04-12_15-39-16_217_235,1024,-1,0,+INF,0,65535,0,-NAN,$05 $00 Pixel,$03 $05 Intensity counts,$f0 $05 Error counts,$f1 $00 Status,125
194,1304,0,0,1,95A7_2019-06-16_17-09-40_000_640,SAM_8586,SPECTRUM,RAW,,,2019-06-16 17:09:40,0,0,,,,,SAM Control,SAM_8586,No Mission,1,0,1,,DLAB_2018-04-12_09-33-02_217_812,DLAB_2018-04-12_15-39-16_217_235,1024,-1,0,+INF,0,65535,0,-NAN,$05 $00 Pixel,$03 $05 Intensity counts,$f0 $05 Error counts,$f1 $00 Status,125
195,1303,0,0,1,95A7_2019-06-16_17-09-40_000_640,SAM_8586,SPECTRUM,RAW,,,2019-06-16 17:09:40,0,0,,,,,SAM Control,SAM_8586,No Mission,1,0,1,,DLAB_2018-04-12_09-33-02_217_812,DLAB_2018-04-12_15-39-16_217_235,1024,-1,0,+INF,0,65535,0,-NAN,$05 $00 Pixel,$03 $05 Intensity counts,$f0 $05 Error counts,$f1 $00 Status,125
196,1307,0,0,1,95A7_2019-06-16_17-09-40_000_640,SAM_8586,SPECTRUM,RAW,,,2019-06-16 17:09:40,0,0,,,,,SAM Control,SAM_8586,No Mission,1,0,1,,DLAB_2018-04-12_09-33-02_217_812,DLAB_2018-04-12_15-39-16_217_235,1024,-1,0,+INF,0,65535,0,-NAN,$05 $00 Pixel,$03 $05 Intensity counts,$f0 $05 Error counts,$f1 $00 Status,125
197,1304,0,0,1,95A7_2019-06-16_17-09-40_000_640,SAM_8586,SPECTRUM,RAW,,,2019-06-16 17:09:40,0,0,,,,,SAM Control,SAM_8586,No Mission,1,0,1,,DLAB_2018-04-12_09-33-02_217_812,DLAB_2018-04-12_15-39-16_217_235,1024,-1,0,+INF,0,65535,0,-NAN,$05 $00 Pixel,$03 $05 Intensity counts,$f0 $05 Error counts,$f1 $00 Status,125
198,1313,0,0,1,95A7_2019-06-16_17-09-40_000_640,SAM_8586,SPECTRUM,RAW,,,2019-06-16 17:09:40,0,0,,,,,SAM Control,SAM_8586,No Mission,1,0,1,,DLAB_2018-04-12_09-33-02_217_812,DLAB_2018-04-12_15-39-16_217_235,1024,-1,0,+INF,0,65535,0,-NAN,$05 $00 Pixel,$03 $05 Intensity counts,$f0 $05 Error counts,$f1 $00 Status,125
199,1312,0,0,1,95A7_2019-06-16_17-09-40_000_640,SAM_8586,SPECTRUM,RAW,,,2019-06-16 17:09:40,0,0,,,,,SAM Control,SAM_8586,No Mission,1,0,1,,DLAB_2018-04-12_09-33-02_217_812,DLAB_2018-04-12_15-39-16_217_235,1024,-1,0,+INF,0,65535,0,-NAN,$05 $00 Pixel,$03 $05 Intensity counts,$f0 $05 Error counts,$f1 $00 Status,125
200,1320,0,0,1,95A7_2019-06-16_17-09-40_000_640,SAM_8586,SPECTRUM,RAW,,,2019-06-16 17:09:40,0,0,,,,,SAM Control,SAM_8586,No Mission,1,0,1,,DLAB_2018-04-12_09-33-02_217_812,DLAB_2018-04-12_15-39-16_217_235,1024,-1,0,+INF,0,65535,0,-NAN,$05 $00 Pixel,$03 $05 Intensity counts,$f0 $05 Error counts,$f1 $00 Status,125
201,1321,0,0,1,95A7_2019-06-16_17-09-40_000_640,SAM_8586,SPECTRUM,RAW,,,2019-06-16 17:09:40,0,0,,,,,SAM Control,SAM_8586,No Mission,1,0,1,,DLAB_2018-04-12_09-33-02_217_812,DLAB_2018-04-12_15-39-16_217_235,1024,-1,0,+INF,0,65535,0,-NAN,$05 $00 Pixel,$03 $05 Intensity counts,$f0 $05 Error counts,$f1 $00 Status,125
202,1318,0,0,1,95A7_2019-06-16_17-09-40_000_640,SAM_8586,SPECTRUM,RAW,,,2019-06-16 17:09:40,0,0,,,,,SAM Control,SAM_8586,No Mission,1,0,1,,DLAB_2018-04-12_09-33-02_217_812,DLAB_2018-04-12_15-39-16_217_235,1024,-1,0,+INF,0,65535,0,-NAN,$05 $00 Pixel,$03 $05 Intensity counts,$f0 $05 Error counts,$f1 $00 Status,125
203,1317,0,0,1,95A7_2019-06-16_17-09-40_000_640,SAM_8586,SPECTRUM,RAW,,,2019-06-16 17:09:40,0,0,,,,,SAM Control,SAM_8586,No Mission,1,0,1,,DLAB_2018-04-12_09-33-02_217_812,DLAB_2018-04-12_15-39-16_217_235,1024,-1,0,+INF,0,65535,0,-NAN,$05 $00 Pixel,$03 $05 Intensity counts,$f0 $05 Error counts,$f1 $00 Status,125
204,1320,0,0,1,95A7_2019-06-16_17-09-40_000_640,SAM_8586,SPECTRUM,RAW,,,2019-06-16 17:09:40,0,0,,,,,SAM Control,SAM_8586,No Mission,1,0,1,,DLAB_2018-04-12_09-33-02_217_812,DLAB_2018-04-12_15-39-16_217_235,1024,-1,0,+INF,0,65535,0,-NAN,$05 $00 Pixel,$03 $05 Intensity counts,$f0 $05 Error counts,$f1 $00 Status,125
205,1323,0,0,1,95A7_2019-06-16_17-09-40_000_640,SAM_8586,SPECTRUM,RAW,,,2019-06-16 17:09:40,0,0,,,,,SAM Control,SAM_8586,No Mission,1,0,1,,DLAB_2018-04-12_09-33-02_217_812,DLAB_2018-04-12_15-39-16_217_235,1024,-1,0,+INF,0,65535,0,-NAN,$05 $00 Pixel,$03 $05 Intensity counts,$f0 $05 Error counts,$f1 $00 Status,125
206,1321,0,0,1,95A7_2019-06-16_17-09-40_000_640,SAM_8586,SPECTRUM,RAW,,,2019-06-16 17:09:40,0,0,,,,,SAM Control,SAM_8586,No Mission,1,0,1,,DLAB_2018-04-12_09-33-02_217_812,DLAB_2018-04-12_15-39-16_217_235,1024,-1,0,+INF,0,65535,0,-NAN,$05 $00 Pixel,$03 $05 Intensity counts,$f0 $05 Error counts,$f1 $00 Status,125
207,1310,0,0,1,95A7_2019-06-16_17-09-40_000_640,SAM_8586,SPECTRUM,RAW,,,2019-06-16 17:09:40,0,0,,,,,SAM Control,SAM_8586,No Mission,1,0,1,,DLAB_2018-04-12_09-33-02_217_812,DLAB_2018-04-12_15-39-16_217_235,1024,-1,0,+INF,0,65535,0,-NAN,$05 $00 Pixel,$03 $05 Intensity counts,$f0 $05 Error counts,$f1 $00 Status,125
208,1311,0,0,1,95A7_2019-06-16_17-09-40_000_640,SAM_8586,SPECTRUM,RAW,,,2019-06-16 17:09:40,0,0,,,,,SAM Control,SAM_8586,No Mission,1,0,1,,DLAB_2018-04-12_09-33-02_217_812,DLAB_2018-04-12_15-39-16_217_235,1024,-1,0,+INF,0,65535,0,-NAN,$05 $00 Pixel,$03 $05 Intensity counts,$f0 $05 Error counts,$f1 $00 Status,125
209,1304,0,0,1,95A7_2019-06-16_17-09-40_000_640,SAM_8586,SPECTRUM,RAW,,,2019-06-16 17:09:40,0,0,,,,,SAM Control,SAM_8586,No Mission,1,0,1,,DLAB_2018-04-12_09-33-02_217_812,DLAB_2018-04-12_15-39-16_217_235,1024,-1,0,+INF,0,65535,0,-NAN,$05 $00 Pixel,$03 $05 Intensity counts,$f0 $05 Error counts,$f1 $00 Status,125
210,1305,0,0,1,95A7_2019-06-16_17-09-40_000_640,SAM_8586,SPECTRUM,RAW,,,2019-06-16 17:09:40,0,0,,,,,SAM Control,SAM_8586,No Mission,1,0,1,,DLAB_2018-04-12_09-33-02_217_812,DLAB_2018-04-12_15-39-16_217_235,1024,-1,0,+INF,0,65535,0,-NAN,$05 $00 Pixel,$03 $05 Intensity counts,$f0 $05 Error counts,$f1 $00 Status,125
211,1294,0,0,1,95A7_2019-06-16_17-09-40_000_640,SAM_8586,SPECTRUM,RAW,,,2019-06-16 17:09:40,0,0,,,,,SAM Control,SAM_8586,No Mission,1,0,1,,DLAB_2018-04-12_09-33-02_217_812,DLAB_2018-04-12_15-39-16_217_235,1024,-1,0,+INF,0,65535,0,-NAN,$05 $00 Pixel,$03 $05 Intensity counts,$f0 $05 Error counts,$f1 $00 Status,125
212,1296,0,0,1,95A7_2019-06-16_17-09-40_000_640,SAM_8586,SPECTRUM,RAW,,,2019-06-16 17:09:40,0,0,,,,,SAM Control,SAM_8586,No Mission,1,0,1,,DLAB_2018-04-12_09-33-02_217_812,DLAB_2018-04-12_15-39-16_217_235,1024,-1,0,+INF,0,65535,0,-NAN,$05 $00 Pixel,$03 $05 Intensity counts,$f0 $05 Error counts,$f1 $00 Status,125
213,1287,0,0,1,95A7_2019-06-16_17-09-40_000_640,SAM_8586,SPECTRUM,RAW,,,2019-06-16 17:09:40,0,0,,,,,SAM Control,SAM_8586,No Mission,1,0,1,,DLAB_2018-04-12_09-33-02_217_812,DLAB_2018-04-12_15-39-16_217_235,1024,-1,0,+INF,0,65535,0,-NAN,$05 $00 Pixel,$03 $05 Intensity counts,$f0 $05 Error counts,$f1 $00 Status,125
214,1289,0,0,1,95A7_2019-06-16_17-09-40_000_640,SAM_8586,SPECTRUM,RAW,,,2019-06-16 17:09:40,0,0,,,,,SAM Control,SAM_8586,No Mission,1,0,1,,DLAB_2018-04-12_09-33-02_217_812,DLAB_2018-04-12_15-39-16_217_235,1024,-1,0,+INF,0,65535,0,-NAN,$05 $00 Pixel,$03 $05 Intensity counts,$f0 $05 Error counts,$f1 $00 Status,125
215,1283,0,0,1,95A7_2019-06-16_17-09-40_000_640,SAM_8586,SPECTRUM,RAW,,,2019-06-16 17:09:40,0,0,,,,,SAM Control,SAM_8586,No Mission,1,0,1,,DLAB_2018-04-12_09-33-02_217_812,DLAB_2018-04-12_15-39-16_217_235,1024,-1,0,+INF,0,65535,0,-NAN,$05 $00 Pixel,$03 $05 Intensity counts,$f0 $05 Error counts,$f1 $00 Status,125
216,1281,0,0,1,95A7_2019-06-16_17-09-40_000_640,SAM_8586,SPECTRUM,RAW,,,2019-06-16 17:09:40,0,0,,,,,SAM Control,SAM_8586,No Mission,1,0,1,,DLAB_2018-04-12_09-33-02_217_812,DLAB_2018-04-12_15-39-16_217_235,1024,-1,0,+INF,0,65535,0,-NAN,$05 $00 Pixel,$03 $05 Intensity counts,$f0 $05 Error counts,$f1 $00 Status,125
217,1271,0,0,1,95A7_2019-06-16_17-09-40_000_640,SAM_8586,SPECTRUM,RAW,,,2019-06-16 17:09:40,0,0,,,,,SAM Control,SAM_8586,No Mission,1,0,1,,DLAB_2018-04-12_09-33-02_217_812,DLAB_2018-04-12_15-39-16_217_235,1024,-1,0,+INF,0,65535,0,-NAN,$05 $00 Pixel,$03 $05 Intensity counts,$f0 $05 Error counts,$f1 $00 Status,125
218,1278,0,0,1,95A7_2019-06-16_17-09-40_000_640,SAM_8586,SPECTRUM,RAW,,,2019-06-16 17:09:40,0,0,,,,,SAM Control,SAM_8586,No Mission,1,0,1,,DLAB_2018-04-12_09-33-02_217_812,DLAB_2018-04-12_15-39-16_217_235,1024,-1,0,+INF,0,65535,0,-NAN,$05 $00 Pixel,$03 $05 Intensity counts,$f0 $05 Error counts,$f1 $00 Status,125
219,1265,0,0,1,95A7_2019-06-16_17-09-40_000_640,SAM_8586,SPECTRUM,RAW,,,2019-06-16 17:09:40,0,0,,,,,SAM Control,SAM_8586,No Mission,1,0,1,,DLAB_2018-04-12_09-33-02_217_812,DLAB_2018-04-12_15-39-16_217_235,1024,-1,0,+INF,0,65535,0,-NAN,$05 $00 Pixel,$03 $05 Intensity counts,$f0 $05 Error counts,$f1 $00 Status,125
220,1270,0,0,1,95A7_2019-06-16_17-09-40_000_640,SAM_8586,SPECTRUM,RAW,,,2019-06-16 17:09:40,0,0,,,,,SAM Control,SAM_8586,No Mission,1,0,1,,DLAB_2018-04-12_09-33-02_217_812,DLAB_2018-04-12_15-39-16_217_235,1024,-1,0,+INF,0,65535,0,-NAN,$05 $00 Pixel,$03 $05 Intensity counts,$f0 $05 Error counts,$f1 $00 Status,125
221,1258,0,0,1,95A7_2019-06-16_17-09-40_000_640,SAM_8586,SPECTRUM,RAW,,,2019-06-16 17:09:40,0,0,,,,,SAM Control,SAM_8586,No Mission,1,0,1,,DLAB_2018-04-12_09-33-02_217_812,DLAB_2018-04-12_15-39-16_217_235,1024,-1,0,+INF,0,65535,0,-NAN,$05 $00 Pixel,$03 $05 Intensity counts,$f0 $05 Error counts,$f1 $00 Status,125
222,1260,0,0,1,95A7_2019-06-16_17-09-40_000_640,SAM_8586,SPECTRUM,RAW,,,2019-06-16 17:09:40,0,0,,,,,SAM Control,SAM_8586,No Mission,1,0,1,,DLAB_2018-04-12_09-33-02_217_812,DLAB_2018-04-12_15-39-16_217_235,1024,-1,0,+INF,0,65535,0,-NAN,$05 $00 Pixel,$03 $05 Intensity counts,$f0 $05 Error counts,$f1 $00 Status,125
223,1256,0,0,1,95A7_2019-06-16_17-09-40_000_640,SAM_8586,SPECTRUM,RAW,,,2019-06-16 17:09:40,0,0,,,,,SAM Control,SAM_8586,No Mission,1,0,1,,DLAB_2018-04-12_09-33-02_217_812,DLAB_2018-04-12_15-39-16_217_235,1024,-1,0,+INF,0,65535,0,-NAN,$05 $00 Pixel,$03 $05 Intensity counts,$f0 $05 Error counts,$f1 $00 Status,125
224,1251,0,0,1,95A7_2019-06-16_17-09-40_000_640,SAM_8586,SPECTRUM,RAW,,,2019-06-16 17:09:40,0,0,,,,,SAM Control,SAM_8586,No Mission,1,0,1,,DLAB_2018-04-12_09-33-02_217_812,DLAB_2018-04-12_15-39-16_217_235,1024,-1,0,+INF,0,65535,0,-NAN,$05 $00 Pixel,$03 $05 Intensity counts,$f0 $05 Error counts,$f1 $00 Status,125
225,1247,0,0,1,95A7_2019-06-16_17-09-40_000_640,SAM_8586,SPECTRUM,RAW,,,2019-06-16 17:09:40,0,0,,,,,SAM Control,SAM_8586,No Mission,1,0,1,,DLAB_2018-04-12_09-33-02_217_812,DLAB_2018-04-12_15-39-16_217_235,1024,-1,0,+INF,0,65535,0,-NAN,$05 $00 Pixel,$03 $05 Intensity counts,$f0 $05 Error counts,$f1 $00 Status,125
226,1244,0,0,1,95A7_2019-06-16_17-09-40_000_640,SAM_8586,SPECTRUM,RAW,,,2019-06-16 17:09:40,0,0,,,,,SAM Control,SAM_8586,No Mission,1,0,1,,DLAB_2018-04-12_09-33-02_217_812,DLAB_2018-04-12_15-39-16_217_235,1024,-1,0,+INF,0,65535,0,-NAN,$05 $00 Pixel,$03 $05 Intensity counts,$f0 $05 Error counts,$f1 $00 Status,125
227,1240,0,0,1,95A7_2019-06-16_17-09-40_000_640,SAM_8586,SPECTRUM,RAW,,,2019-06-16 17:09:40,0,0,,,,,SAM Control,SAM_8586,No Mission,1,0,1,,DLAB_2018-04-12_09-33-02_217_812,DLAB_2018-04-12_15-39-16_217_235,1024,-1,0,+INF,0,65535,0,-NAN,$05 $00 Pixel,$03 $05 Intensity counts,$f0 $05 Error counts,$f1 $00 Status,125
228,1239,0,0,1,95A7_2019-06-16_17-09-40_000_640,SAM_8586,SPECTRUM,RAW,,,2019-06-16 17:09:40,0,0,,,,,SAM Control,SAM_8586,No Mission,1,0,1,,DLAB_2018-04-12_09-33-02_217_812,DLAB_2018-04-12_15-39-16_217_235,1024,-1,0,+INF,0,65535,0,-NAN,$05 $00 Pixel,$03 $05 Intensity counts,$f0 $05 Error counts,$f1 $00 Status,125
229,1234,0,0,1,95A7_2019-06-16_17-09-40_000_640,SAM_8586,SPECTRUM,RAW,,,2019-06-16 17:09:40,0,0,,,,,SAM Control,SAM_8586,No Mission,1,0,1,,DLAB_2018-04-12_09-33-02_217_812,DLAB_2018-04-12_15-39-16_217_235,1024,-1,0,+INF,0,65535,0,-NAN,$05 $00 Pixel,$03 $05 Intensity counts,$f0 $05 Error counts,$f1 $00 Status,125
230,1237,0,0,1,95A7_2019-06-16_17-09-40_000_640,SAM_8586,SPECTRUM,RAW,,,2019-06-16 17:09:40,0,0,,,,,SAM Control,SAM_8586,No Mission,1,0,1,,DLAB_2018-04-12_09-33-02_217_812,DLAB_2018-04-12_15-39-16_217_235,1024,-1,0,+INF,0,65535,0,-NAN,$05 $00 Pixel,$03 $05 Intensity counts,$f0 $05 Error counts,$f1 $00 Status,125
231,1231,0,0,1,95A7_2019-06-16_17-09-40_000_640,SAM_8586,SPECTRUM,RAW,,,2019-06-16 17:09:40,0,0,,,,,SAM Control,SAM_8586,No Mission,1,0,1,,DLAB_2018-04-12_09-33-02_217_812,DLAB_2018-04-12_15-39-16_217_235,1024,-1,0,+INF,0,65535,0,-NAN,$05 $00 Pixel,$03 $05 Intensity counts,$f0 $05 Error counts,$f1 $00 Status,125
232,1234,0,0,1,95A7_2019-06-16_17-09-40_000_640,SAM_8586,SPECTRUM,RAW,,,2019-06-16 17:09:40,0,0,,,,,SAM Control,SAM_8586,No Mission,1,0,1,,DLAB_2018-04-12_09-33-02_217_812,DLAB_2018-04-12_15-39-16_217_235,1024,-1,0,+INF,0,65535,0,-NAN,$05 $00 Pixel,$03 $05 Intensity counts,$f0 $05 Error counts,$f1 $00 Status,125
233,1234,0,0,1,95A7_2019-06-16_17-09-40_000_640,SAM_8586,SPECTRUM,RAW,,,2019-06-16 17:09:40,0,0,,,,,SAM Control,SAM_8586,No Mission,1,0,1,,DLAB_2018-04-12_09-33-02_217_812,DLAB_2018-04-12_15-39-16_217_235,1024,-1,0,+INF,0,65535,0,-NAN,$05 $00 Pixel,$03 $05 Intensity counts,$f0 $05 Error counts,$f1 $00 Status,125
234,1232,0,0,1,95A7_2019-06-16_17-09-40_000_640,SAM_8586,SPECTRUM,RAW,,,2019-06-16 17:09:40,0,0,,,,,SAM Control,SAM_8586,No Mission,1,0,1,,DLAB_2018-04-12_09-33-02_217_812,DLAB_2018-04-12_15-39-16_217_235,1024,-1,0,+INF,0,65535,0,-NAN,$05 $00 Pixel,$03 $05 Intensity counts,$f0 $05 Error counts,$f1 $00 Status,125
235,1234,0,0,1,95A7_2019-06-16_17-09-40_000_640,SAM_8586,SPECTRUM,RAW,,,2019-06-16 17:09:40,0,0,,,,,SAM Control,SAM_8586,No Mission,1,0,1,,DLAB_2018-04-12_09-33-02_217_812,DLAB_2018-04-12_15-39-16_217_235,1024,-1,0,+INF,0,65535,0,-NAN,$05 $00 Pixel,$03 $05 Intensity counts,$f0 $05 Error counts,$f1 $00 Status,125
236,1240,0,0,1,95A7_2019-06-16_17-09-40_000_640,SAM_8586,SPECTRUM,RAW,,,2019-06-16 17:09:40,0,0,,,,,SAM Control,SAM_8586,No Mission,1,0,1,,DLAB_2018-04-12_09-33-02_217_812,DLAB_2018-04-12_15-39-16_217_235,1024,-1,0,+INF,0,65535,0,-NAN,$05 $00 Pixel,$03 $05 Intensity counts,$f0 $05 Error counts,$f1 $00 Status,125
237,1232,0,0,1,95A7_2019-06-16_17-09-40_000_640,SAM_8586,SPECTRUM,RAW,,,2019-06-16 17:09:40,0,0,,,,,SAM Control,SAM_8586,No Mission,1,0,1,,DLAB_2018-04-12_09-33-02_217_812,DLAB_2018-04-12_15-39-16_217_235,1024,-1,0,+INF,0,65535,0,-NAN,$05 $00 Pixel,$03 $05 Intensity counts,$f0 $05 Error counts,$f1 $00 Status,125
238,1237,0,0,1,95A7_2019-06-16_17-09-40_000_640,SAM_8586,SPECTRUM,RAW,,,2019-06-16 17:09:40,0,0,,,,,SAM Control,SAM_8586,No Mission,1,0,1,,DLAB_2018-04-12_09-33-02_217_812,DLAB_2018-04-12_15-39-16_217_235,1024,-1,0,+INF,0,65535,0,-NAN,$05 $00 Pixel,$03 $05 Intensity counts,$f0 $05 Error counts,$f1 $00 Status,125
239,1238,0,0,1,95A7_2019-06-16_17-09-40_000_640,SAM_8586,SPECTRUM,RAW,,,2019-06-16 17:09:40,0,0,,,,,SAM Control,SAM_8586,No Mission,1,0,1,,DLAB_2018-04-12_09-33-02_217_812,DLAB_2018-04-12_15-39-16_217_235,1024,-1,0,+INF,0,65535,0,-NAN,$05 $00 Pixel,$03 $05 Intensity counts,$f0 $05 Error counts,$f1 $00 Status,125
240,1238,0,0,1,95A7_2019-06-16_17-09-40_000_640,SAM_8586,SPECTRUM,RAW,,,2019-06-16 17:09:40,0,0,,,,,SAM Control,SAM_8586,No Mission,1,0,1,,DLAB_2018-04-12_09-33-02_217_812,DLAB_2018-04-12_15-39-16_217_235,1024,-1,0,+INF,0,65535,0,-NAN,$05 $00 Pixel,$03 $05 Intensity counts,$f0 $05 Error counts,$f1 $00 Status,125
241,1242,0,0,1,95A7_2019-06-16_17-09-40_000_640,SAM_8586,SPECTRUM,RAW,,,2019-06-16 17:09:40,0,0,,,,,SAM Control,SAM_8586,No Mission,1,0,1,,DLAB_2018-04-12_09-33-02_217_812,DLAB_2018-04-12_15-39-16_217_235,1024,-1,0,+INF,0,65535,0,-NAN,$05 $00 Pixel,$03 $05 Intensity counts,$f0 $05 Error counts,$f1 $00 Status,125
242,1241,0,0,1,95A7_2019-06-16_17-09-40_000_640,SAM_8586,SPECTRUM,RAW,,,2019-06-16 17:09:40,0,0,,,,,SAM Control,SAM_8586,No Mission,1,0,1,,DLAB_2018-04-12_09-33-02_217_812,DLAB_2018-04-12_15-39-16_217_235,1024,-1,0,+INF,0,65535,0,-NAN,$05 $00 Pixel,$03 $05 Intensity counts,$f0 $05 Error counts,$f1 $00 Status,125
243,1244,0,0,1,95A7_2019-06-16_17-09-40_000_640,SAM_8586,SPECTRUM,RAW,,,2019-06-16 17:09:40,0,0,,,,,SAM Control,SAM_8586,No Mission,1,0,1,,DLAB_2018-04-12_09-33-02_217_812,DLAB_2018-04-12_15-39-16_217_235,1024,-1,0,+INF,0,65535,0,-NAN,$05 $00 Pixel,$03 $05 Intensity counts,$f0 $05 Error counts,$f1 $00 Status,125
244,1238,0,0,1,95A7_2019-06-16_17-09-40_000_640,SAM_8586,SPECTRUM,RAW,,,2019-06-16 17:09:40,0,0,,,,,SAM Control,SAM_8586,No Mission,1,0,1,,DLAB_2018-04-12_09-33-02_217_812,DLAB_2018-04-12_15-39-16_217_235,1024,-1,0,+INF,0,65535,0,-NAN,$05 $00 Pixel,$03 $05 Intensity counts,$f0 $05 Error counts,$f1 $00 Status,125
245,1243,0,0,1,95A7_2019-06-16_17-09-40_000_640,SAM_8586,SPECTRUM,RAW,,,2019-06-16 17:09:40,0,0,,,,,SAM Control,SAM_8586,No Mission,1,0,1,,DLAB_2018-04-12_09-33-02_217_812,DLAB_2018-04-12_15-39-16_217_235,1024,-1,0,+INF,0,65535,0,-NAN,$05 $00 Pixel,$03 $05 Intensity counts,$f0 $05 Error counts,$f1 $00 Status,125
246,1246,0,0,1,95A7_2019-06-16_17-09-40_000_640,SAM_8586,SPECTRUM,RAW,,,2019-06-16 17:09:40,0,0,,,,,SAM Control,SAM_8586,No Mission,1,0,1,,DLAB_2018-04-12_09-33-02_217_812,DLAB_2018-04-12_15-39-16_217_235,1024,-1,0,+INF,0,65535,0,-NAN,$05 $00 Pixel,$03 $05 Intensity counts,$f0 $05 Error counts,$f1 $00 Status,125
247,1244,0,0,1,95A7_2019-06-16_17-09-40_000_640,SAM_8586,SPECTRUM,RAW,,,2019-06-16 17:09:40,0,0,,,,,SAM Control,SAM_8586,No Mission,1,0,1,,DLAB_2018-04-12_09-33-02_217_812,DLAB_2018-04-12_15-39-16_217_235,1024,-1,0,+INF,0,65535,0,-NAN,$05 $00 Pixel,$03 $05 Intensity counts,$f0 $05 Error counts,$f1 $00 Status,125
248,1245,0,0,1,95A7_2019-06-16_17-09-40_000_640,SAM_8586,SPECTRUM,RAW,,,2019-06-16 17:09:40,0,0,,,,,SAM Control,SAM_8586,No Mission,1,0,1,,DLAB_2018-04-12_09-33-02_217_812,DLAB_2018-04-12_15-39-16_217_235,1024,-1,0,+INF,0,65535,0,-NAN,$05 $00 Pixel,$03 $05 Intensity counts,$f0 $05 Error counts,$f1 $00 Status,125
249,1240,0,0,1,95A7_2019-06-16_17-09-40_000_640,SAM_8586,SPECTRUM,RAW,,,2019-06-16 17:09:40,0,0,,,,,SAM Control,SAM_8586,No Mission,1,0,1,,DLAB_2018-04-12_09-33-02_217_812,DLAB_2018-04-12_15-39-16_217_235,1024,-1,0,+INF,0,65535,0,-NAN,$05 $00 Pixel,$03 $05 Intensity counts,$f0 $05 Error counts,$f1 $00 Status,125
250,1238,0,0,1,95A7_2019-06-16_17-09-40_000_640,SAM_8586,SPECTRUM,RAW,,,2019-06-16 17:09:40,0,0,,,,,SAM Control,SAM_8586,No Mission,1,0,1,,DLAB_2018-04-12_09-33-02_217_812,DLAB_2018-04-12_15-39-16_217_235,1024,-1,0,+INF,0,65535,0,-NAN,$05 $00 Pixel,$03 $05 Intensity counts,$f0 $05 Error counts,$f1 $00 Status,125
251,1241,0,0,1,95A7_2019-06-16_17-09-40_000_640,SAM_8586,SPECTRUM,RAW,,,2019-06-16 17:09:40,0,0,,,,,SAM Control,SAM_8586,No Mission,1,0,1,,DLAB_2018-04-12_09-33-02_217_812,DLAB_2018-04-12_15-39-16_217_235,1024,-1,0,+INF,0,65535,0,-NAN,$05 $00 Pixel,$03 $05 Intensity counts,$f0 $05 Error counts,$f1 $00 Status,125
252,1237,0,0,1,95A7_2019-06-16_17-09-40_000_640,SAM_8586,SPECTRUM,RAW,,,2019-06-16 17:09:40,0,0,,,,,SAM Control,SAM_8586,No Mission,1,0,1,,DLAB_2018-04-12_09-33-02_217_812,DLAB_2018-04-12_15-39-16_217_235,1024,-1,0,+INF,0,65535,0,-NAN,$05 $00 Pixel,$03 $05 Intensity counts,$f0 $05 Error counts,$f1 $00 Status,125
253,1243,0,0,1,95A7_2019-06-16_17-09-40_000_640,SAM_8586,SPECTRUM,RAW,,,2019-06-16 17:09:40,0,0,,,,,SAM Control,SAM_8586,No Mission,1,0,1,,DLAB_2018-04-12_09-33-02_217_812,DLAB_2018-04-12_15-39-16_217_235,1024,-1,0,+INF,0,65535,0,-NAN,$05 $00 Pixel,$03 $05 Intensity counts,$f0 $05 Error counts,$f1 $00 Status,125
254,1238,0,0,1,95A7_2019-06-16_17-09-40_000_640,SAM_8586,SPECTRUM,RAW,,,2019-06-16 17:09:40,0,0,,,,,SAM Control,SAM_8586,No Mission,1,0,1,,DLAB_2018-04-12_09-33-02_217_812,DLAB_2018-04-12_15-39-16_217_235,1024,-1,0,+INF,0,65535,0,-NAN,$05 $00 Pixel,$03 $05 Intensity counts,$f0 $05 Error counts,$f1 $00 Status,125
255,1284,0,0,1,95A7_2019-06-16_17-09-40_000_640,SAM_8586,SPECTRUM,RAW,,,2019-06-16 17:09:40,0,0,,,,,SAM Control,SAM_8586,No Mission,1,0,1,,DLAB_2018-04-12_09-33-02_217_812,DLAB_2018-04-12_15-39-16_217_235,1024,-1,0,+INF,0,65535,0,-NAN,$05 $00 Pixel,$03 $05 Intensity counts,$f0 $05 Error counts,$f1 $00 Status,125
