wavelength,intensity,error,status,Version,IDData,IDDevice,IDDataType,IDDataTypeSub1,IDDataTypeSub2,IDDataTypeSub3,DateTime,PositionLatitude,PositionLongitude,Comment,CommentSub1,CommentSub2,CommentSub3,IDMethodType,MethodName,Mission,MissionSub,RecordType,CalFactor,IDBasisSpec,IDDataBack,IDDataCal,InclV,InclValid,InclX,InclY,IntegrationTime,P31,P31e,PathLength,PathLengthCustomOn,PressValid,Pressure,RAWDynamic,Salinity,Temperature,Unit1,Unit2,Unit3,Unit4,p999
1,1202,0,0,1,95A7_2019-05-02_23-19-03_000_012,SAM_8581,SPECTRUM,RAW,,,2019-05-02 23:19:03,0,0,,,,,SAMIP Control,SAMIP_50DB,No Mission,1,0,1,,DLAB_2018-04-12_13-21-41_161_456,DLAB_2018-04-13_10-50-24_513_420,5.43447486196571,1,5.25,-1.4,4096,-1,0,+INF,0,1,0.0299060495750523,65535,0,-NAN,$05 $00 Pixel,$03 $05 Intensity counts,$f0 $05 Error counts,$f1 $00 Status,1
2,1185,0,0,1,95A7_2019-05-02_23-19-03_000_012,SAM_8581,SPECTRUM,RAW,,,2019-05-02 23:19:03,0,0,,,,,SAMIP Control,SAMIP_50DB,No Mission,1,0,1,,DLAB_2018-04-12_13-21-41_161_456,DLAB_2018-04-13_10-50-24_513_420,5.43447486196571,1,5.25,-1.4,4096,-1,0,+INF,0,1,0.0299060495750523,65535,0,-NAN,$05 $00 Pixel,$03 $05 Intensity counts,$f0 $05 Error counts,$f1 $00 Status,1
3,1195,0,0,1,95A7_2019-05-02_23-19-03_000_012,SAM_8581,SPECTRUM,RAW,,,2019-05-02 23:19:03,0,0,,,,,SAMIP Control,SAMIP_50DB,No Mission,1,0,1,,DLAB_2018-04-12_13-21-41_161_456,DLAB_2018-04-13_10-50-24_513_420,5.43447486196571,1,5.25,-1.4,4096,-1,0,+INF,0,1,0.0299060495750523,65535,0,-NAN,$05 $00 Pixel,$03 $05 Intensity counts,$f0 $05 Error counts,$f1 $00 Status,1
4,1201,0,0,1,95A7_2019-05-02_23-19-03_000_012,SAM_8581,SPECTRUM,RAW,,,2019-05-02 23:19:03,0,0,,,,,SAMIP Control,SAMIP_50DB,No Mission,1,0,1,,DLAB_2018-04-12_13-21-41_161_456,DLAB_2018-04-13_10-50-24_513_420,5.43447486196571,1,5.25,-1.4,4096,-1,0,+INF,0,1,0.0299060495750523,65535,0,-NAN,$05 $00 Pixel,$03 $05 Intensity counts,$f0 $05 Error counts,$f1 $00 Status,1
5,1192,0,0,1,95A7_2019-05-02_23-19-03_000_012,SAM_8581,SPECTRUM,RAW,,,2019-05-02 23:19:03,0,0,,,,,SAMIP Control,SAMIP_50DB,No Mission,1,0,1,,DLAB_2018-04-12_13-21-41_161_456,DLAB_2018-04-13_10-50-24_513_420,5.43447486196571,1,5.25,-1.4,4096,-1,0,+INF,0,1,0.0299060495750523,65535,0,-NAN,$05 $00 Pixel,$03 $05 Intensity counts,$f0 $05 Error counts,$f1 $00 Status,1
6,1194,0,0,1,95A7_2019-05-02_23-19-03_000_012,SAM_8581,SPECTRUM,RAW,,,2019-05-02 23:19:03,0,0,,,,,SAMIP Control,SAMIP_50DB,No Mission,1,0,1,,DLAB_2018-04-12_13-21-41_161_456,DLAB_2018-04-13_10-50-24_513_420,5.43447486196571,1,5.25,-1.4,4096,-1,0,+INF,0,1,0.0299060495750523,65535,0,-NAN,$05 $00 Pixel,$03 $05 Intensity counts,$f0 $05 Error counts,$f1 $00 Status,1
7,1197,0,0,1,95A7_2019-05-02_23-19-03_000_012,SAM_8581,SPECTRUM,RAW,,,2019-05-02 23:19:03,0,0,,,,,SAMIP Control,SAMIP_50DB,No Mission,1,0,1,,DLAB_2018-04-12_13-21-41_161_456,DLAB_2018-04-13_10-50-24_513_420,5.43447486196571,1,5.25,-1.4,4096,-1,0,+INF,0,1,0.0299060495750523,65535,0,-NAN,$05 $00 Pixel,$03 $05 Intensity counts,$f0 $05 Error counts,$f1 $00 Status,1
8,1195,0,0,1,95A7_2019-05-02_23-19-03_000_012,SAM_8581,SPECTRUM,RAW,,,2019-05-02 23:19:03,0,0,,,,,SAMIP Control,SAMIP_50DB,No Mission,1,0,1,,DLAB_2018-04-12_13-21-41_161_456,DLAB_2018-04-13_10-50-24_513_420,5.43447486196571,1,5.25,-1.4,4096,-1,0,+INF,0,1,0.0299060495750523,65535,0,-NAN,$05 $00 Pixel,$03 $05 Intensity counts,$f0 $05 Error counts,$f1 $00 Status,1
9,1190,0,0,1,95A7_2019-05-02_23-19-03_000_012,SAM_8581,SPECTRUM,RAW,,,2019-05-02 23:19:03,0,0,,,,,SAMIP Control,SAMIP_50DB,No Mission,1,0,1,,DLAB_2018-04-12_13-21-41_161_456,DLAB_2018-04-13_10-50-24_513_420,5.43447486196571,1,5.25,-1.4,4096,-1,0,+INF,0,1,0.0299060495750523,65535,0,-NAN,$05 $00 Pixel,$03 $05 Intensity counts,$f0 $05 Error counts,$f1 $00 Status,1
10,1197,0,0,1,95A7_2019-05-02_23-19-03_000_012,SAM_8581,SPECTRUM,RAW,,,2019-05-02 23:19:03,0,0,,,,,SAMIP Control,SAMIP_50DB,No Mission,1,0,1,,DLAB_2018-04-12_13-21-41_161_456,DLAB_2018-04-13_10-50-24_513_420,5.43447486196571,1,5.25,-1.4,4096,-1,0,+INF,0,1,0.0299060495750523,65535,0,-NAN,$05 $00 Pixel,$03 $05 Intensity counts,$f0 $05 Error counts,$f1 $00 Status,1
11,1193,0,0,1,95A7_2019-05-02_23-19-03_000_012,SAM_8581,SPECTRUM,RAW,,,2019-05-02 23:19:03,0,0,,,,,SAMIP Control,SAMIP_50DB,No Mission,1,0,1,,DLAB_2018-04-12_13-21-41_161_456,DLAB_2018-04-13_10-50-24_513_420,5.43447486196571,1,5.25,-1.4,4096,-1,0,+INF,0,1,0.0299060495750523,65535,0,-NAN,$05 $00 Pixel,$03 $05 Intensity counts,$f0 $05 Error counts,$f1 $00 Status,1
12,1194,0,0,1,95A7_2019-05-02_23-19-03_000_012,SAM_8581,SPECTRUM,RAW,,,2019-05-02 23:19:03,0,0,,,,,SAMIP Control,SAMIP_50DB,No Mission,1,0,1,,DLAB_2018-04-12_13-21-41_161_456,DLAB_2018-04-13_10-50-24_513_420,5.43447486196571,1,5.25,-1.4,4096,-1,0,+INF,0,1,0.0299060495750523,65535,0,-NAN,$05 $00 Pixel,$03 $05 Intensity counts,$f0 $05 Error counts,$f1 $00 Status,1
13,1192,0,0,1,95A7_2019-05-02_23-19-03_000_012,SAM_8581,SPECTRUM,RAW,,,2019-05-02 23:19:03,0,0,,,,,SAMIP Control,SAMIP_50DB,No Mission,1,0,1,,DLAB_2018-04-12_13-21-41_161_456,DLAB_2018-04-13_10-50-24_513_420,5.43447486196571,1,5.25,-1.4,4096,-1,0,+INF,0,1,0.0299060495750523,65535,0,-NAN,$05 $00 Pixel,$03 $05 Intensity counts,$f0 $05 Error counts,$f1 $00 Status,1
14,1198,0,0,1,95A7_2019-05-02_23-19-03_000_012,SAM_8581,SPECTRUM,RAW,,,2019-05-02 23:19:03,0,0,,,,,SAMIP Control,SAMIP_50DB,No Mission,1,0,1,,DLAB_2018-04-12_13-21-41_161_456,DLAB_2018-04-13_10-50-24_513_420,5.43447486196571,1,5.25,-1.4,4096,-1,0,+INF,0,1,0.0299060495750523,65535,0,-NAN,$05 $00 Pixel,$03 $05 Intensity counts,$f0 $05 Error counts,$f1 $00 Status,1
15,1193,0,0,1,95A7_2019-05-02_23-19-03_000_012,SAM_8581,SPECTRUM,RAW,,,2019-05-02 23:19:03,0,0,,,,,SAMIP Control,SAMIP_50DB,No Mission,1,0,1,,DLAB_2018-04-12_13-21-41_161_456,DLAB_2018-04-13_10-50-24_513_420,5.43447486196571,1,5.25,-1.4,4096,-1,0,+INF,0,1,0.0299060495750523,65535,0,-NAN,$05 $00 Pixel,$03 $05 Intensity counts,$f0 $05 Error counts,$f1 $00 Status,1
16,1195,0,0,1,95A7_2019-05-02_23-19-03_000_012,SAM_8581,SPECTRUM,RAW,,,2019-05-02 23:19:03,0,0,,,,,SAMIP Control,SAMIP_50DB,No Mission,1,0,1,,DLAB_2018-04-12_13-21-41_161_456,DLAB_2018-04-13_10-50-24_513_420,5.43447486196571,1,5.25,-1.4,4096,-1,0,+INF,0,1,0.0299060495750523,65535,0,-NAN,$05 $00 Pixel,$03 $05 Intensity counts,$f0 $05 Error counts,$f1 $00 Status,1
17,1194,0,0,1,95A7_2019-05-02_23-19-03_000_012,SAM_8581,SPECTRUM,RAW,,,2019-05-02 23:19:03,0,0,,,,,SAMIP Control,SAMIP_50DB,No Mission,1,0,1,,DLAB_2018-04-12_13-21-41_161_456,DLAB_2018-04-13_10-50-24_513_420,5.43447486196571,1,5.25,-1.4,4096,-1,0,+INF,0,1,0.0299060495750523,65535,0,-NAN,$05 $00 Pixel,$03 $05 Intensity counts,$f0 $05 Error counts,$f1 $00 Status,1
18,1196,0,0,1,95A7_2019-05-02_23-19-03_000_012,SAM_8581,SPECTRUM,RAW,,,2019-05-02 23:19:03,0,0,,,,,SAMIP Control,SAMIP_50DB,No Mission,1,0,1,,DLAB_2018-04-12_13-21-41_161_456,DLAB_2018-04-13_10-50-24_513_420,5.43447486196571,1,5.25,-1.4,4096,-1,0,+INF,0,1,0.0299060495750523,65535,0,-NAN,$05 $00 Pixel,$03 $05 Intensity counts,$f0 $05 Error counts,$f1 $00 Status,1
19,1195,0,0,1,95A7_2019-05-02_23-19-03_000_012,SAM_8581,SPECTRUM,RAW,,,2019-05-02 23:19:03,0,0,,,,,SAMIP Control,SAMIP_50DB,No Mission,1,0,1,,DLAB_2018-04-12_13-21-41_161_456,DLAB_2018-04-13_10-50-24_513_420,5.43447486196571,1,5.25,-1.4,4096,-1,0,+INF,0,1,0.0299060495750523,65535,0,-NAN,$05 $00 Pixel,$03 $05 Intensity counts,$f0 $05 Error counts,$f1 $00 Status,1
20,1197,0,0,1,95A7_2019-05-02_23-19-03_000_012,SAM_8581,SPECTRUM,RAW,,,2019-05-02 23:19:03,0,0,,,,,SAMIP Control,SAMIP_50DB,No Mission,1,0,1,,DLAB_2018-04-12_13-21-41_161_456,DLAB_2018-04-13_10-50-24_513_420,5.43447486196571,1,5.25,-1.4,4096,-1,0,+INF,0,1,0.0299060495750523,65535,0,-NAN,$05 $00 Pixel,$03 $05 Intensity counts,$f0 $05 Error counts,$f1 $00 Status,1
21,1189,0,0,1,95A7_2019-05-02_23-19-03_000_012,SAM_8581,SPECTRUM,RAW,,,2019-05-02 23:19:03,0,0,,,,,SAMIP Control,SAMIP_50DB,No Mission,1,0,1,,DLAB_2018-04-12_13-21-41_161_456,DLAB_2018-04-13_10-50-24_513_420,5.43447486196571,1,5.25,-1.4,4096,-1,0,+INF,0,1,0.0299060495750523,65535,0,-NAN,$05 $00 Pixel,$03 $05 Intensity counts,$f0 $05 Error counts,$f1 $00 Status,1
22,1198,0,0,1,95A7_2019-05-02_23-19-03_000_012,SAM_8581,SPECTRUM,RAW,,,2019-05-02 23:19:03,0,0,,,,,SAMIP Control,SAMIP_50DB,No Mission,1,0,1,,DLAB_2018-04-12_13-21-41_161_456,DLAB_2018-04-13_10-50-24_513_420,5.43447486196571,1,5.25,-1.4,4096,-1,0,+INF,0,1,0.0299060495750523,65535,0,-NAN,$05 $00 Pixel,$03 $05 Intensity counts,$f0 $05 Error counts,$f1 $00 Status,1
23,1190,0,0,1,95A7_2019-05-02_23-19-03_000_012,SAM_8581,SPECTRUM,RAW,,,2019-05-02 23:19:03,0,0,,,,,SAMIP Control,SAMIP_50DB,No Mission,1,0,1,,DLAB_2018-04-12_13-21-41_161_456,DLAB_2018-04-13_10-50-24_513_420,5.43447486196571,1,5.25,-1.4,4096,-1,0,+INF,0,1,0.0299060495750523,65535,0,-NAN,$05 $00 Pixel,$03 $05 Intensity counts,$f0 $05 Error counts,$f1 $00 Status,1
24,1198,0,0,1,95A7_2019-05-02_23-19-03_000_012,SAM_8581,SPECTRUM,RAW,,,2019-05-02 23:19:03,0,0,,,,,SAMIP Control,SAMIP_50DB,No Mission,1,0,1,,DLAB_2018-04-12_13-21-41_161_456,DLAB_2018-04-13_10-50-24_513_420,5.43447486196571,1,5.25,-1.4,4096,-1,0,+INF,0,1,0.0299060495750523,65535,0,-NAN,$05 $00 Pixel,$03 $05 Intensity counts,$f0 $05 Error counts,$f1 $00 Status,1
25,1194,0,0,1,95A7_2019-05-02_23-19-03_000_012,SAM_8581,SPECTRUM,RAW,,,2019-05-02 23:19:03,0,0,,,,,SAMIP Control,SAMIP_50DB,No Mission,1,0,1,,DLAB_2018-04-12_13-21-41_161_456,DLAB_2018-04-13_10-50-24_513_420,5.43447486196571,1,5.25,-1.4,4096,-1,0,+INF,0,1,0.0299060495750523,65535,0,-NAN,$05 $00 Pixel,$03 $05 Intensity counts,$f0 $05 Error counts,$f1 $00 Status,1
26,1200,0,0,1,95A7_2019-05-02_23-19-03_000_012,SAM_8581,SPECTRUM,RAW,,,2019-05-02 23:19:03,0,0,,,,,SAMIP Control,SAMIP_50DB,No Mission,1,0,1,,DLAB_2018-04-12_13-21-41_161_456,DLAB_2018-04-13_10-50-24_513_420,5.43447486196571,1,5.25,-1.4,4096,-1,0,+INF,0,1,0.0299060495750523,65535,0,-NAN,$05 $00 Pixel,$03 $05 Intensity counts,$f0 $05 Error counts,$f1 $00 Status,1
27,1194,0,0,1,95A7_2019-05-02_23-19-03_000_012,SAM_8581,SPECTRUM,RAW,,,2019-05-02 23:19:03,0,0,,,,,SAMIP Control,SAMIP_50DB,No Mission,1,0,1,,DLAB_2018-04-12_13-21-41_161_456,DLAB_2018-04-13_10-50-24_513_420,5.43447486196571,1,5.25,-1.4,4096,-1,0,+INF,0,1,0.0299060495750523,65535,0,-NAN,$05 $00 Pixel,$03 $05 Intensity counts,$f0 $05 Error counts,$f1 $00 Status,1
28,1197,0,0,1,95A7_2019-05-02_23-19-03_000_012,SAM_8581,SPECTRUM,RAW,,,2019-05-02 23:19:03,0,0,,,,,SAMIP Control,SAMIP_50DB,No Mission,1,0,1,,DLAB_2018-04-12_13-21-41_161_456,DLAB_2018-04-13_10-50-24_513_420,5.43447486196571,1,5.25,-1.4,4096,-1,0,+INF,0,1,0.0299060495750523,65535,0,-NAN,$05 $00 Pixel,$03 $05 Intensity counts,$f0 $05 Error counts,$f1 $00 Status,1
29,1196,0,0,1,95A7_2019-05-02_23-19-03_000_012,SAM_8581,SPECTRUM,RAW,,,2019-05-02 23:19:03,0,0,,,,,SAMIP Control,SAMIP_50DB,No Mission,1,0,1,,DLAB_2018-04-12_13-21-41_161_456,DLAB_2018-04-13_10-50-24_513_420,5.43447486196571,1,5.25,-1.4,4096,-1,0,+INF,0,1,0.0299060495750523,65535,0,-NAN,$05 $00 Pixel,$03 $05 Intensity counts,$f0 $05 Error counts,$f1 $00 Status,1
30,1198,0,0,1,95A7_2019-05-02_23-19-03_000_012,SAM_8581,SPECTRUM,RAW,,,2019-05-02 23:19:03,0,0,,,,,SAMIP Control,SAMIP_50DB,No Mission,1,0,1,,DLAB_2018-04-12_13-21-41_161_456,DLAB_2018-04-13_10-50-24_513_420,5.43447486196571,1,5.25,-1.4,4096,-1,0,+INF,0,1,0.0299060495750523,65535,0,-NAN,$05 $00 Pixel,$03 $05 Intensity counts,$f0 $05 Error counts,$f1 $00 Status,1
31,1197,0,0,1,95A7_2019-05-02_23-19-03_000_012,SAM_8581,SPECTRUM,RAW,,,2019-05-02 23:19:03,0,0,,,,,SAMIP Control,SAMIP_50DB,No Mission,1,0,1,,DLAB_2018-04-12_13-21-41_161_456,DLAB_2018-04-13_10-50-24_513_420,5.43447486196571,1,5.25,-1.4,4096,-1,0,+INF,0,1,0.0299060495750523,65535,0,-NAN,$05 $00 Pixel,$03 $05 Intensity counts,$f0 $05 Error counts,$f1 $00 Status,1
32,1197,0,0,1,95A7_2019-05-02_23-19-03_000_012,SAM_8581,SPECTRUM,RAW,,,2019-05-02 23:19:03,0,0,,,,,SAMIP Control,SAMIP_50DB,No Mission,1,0,1,,DLAB_2018-04-12_13-21-41_161_456,DLAB_2018-04-13_10-50-24_513_420,5.43447486196571,1,5.25,-1.4,4096,-1,0,+INF,0,1,0.0299060495750523,65535,0,-NAN,$05 $00 Pixel,$03 $05 Intensity counts,$f0 $05 Error counts,$f1 $00 Status,1
33,1195,0,0,1,95A7_2019-05-02_23-19-03_000_012,SAM_8581,SPECTRUM,RAW,,,2019-05-02 23:19:03,0,0,,,,,SAMIP Control,SAMIP_50DB,No Mission,1,0,1,,DLAB_2018-04-12_13-21-41_161_456,DLAB_2018-04-13_10-50-24_513_420,5.43447486196571,1,5.25,-1.4,4096,-1,0,+INF,0,1,0.0299060495750523,65535,0,-NAN,$05 $00 Pixel,$03 $05 Intensity counts,$f0 $05 Error counts,$f1 $00 Status,1
34,1192,0,0,1,95A7_2019-05-02_23-19-03_000_012,SAM_8581,SPECTRUM,RAW,,,2019-05-02 23:19:03,0,0,,,,,SAMIP Control,SAMIP_50DB,No Mission,1,0,1,,DLAB_2018-04-12_13-21-41_161_456,DLAB_2018-04-13_10-50-24_513_420,5.43447486196571,1,5.25,-1.4,4096,-1,0,+INF,0,1,0.0299060495750523,65535,0,-NAN,$05 $00 Pixel,$03 $05 Intensity counts,$f0 $05 Error counts,$f1 $00 Status,1
35,1198,0,0,1,95A7_2019-05-02_23-19-03_000_012,SAM_8581,SPECTRUM,RAW,,,2019-05-02 23:19:03,0,0,,,,,SAMIP Control,SAMIP_50DB,No Mission,1,0,1,,DLAB_2018-04-12_13-21-41_161_456,DLAB_2018-04-13_10-50-24_513_420,5.43447486196571,1,5.25,-1.4,4096,-1,0,+INF,0,1,0.0299060495750523,65535,0,-NAN,$05 $00 Pixel,$03 $05 Intensity counts,$f0 $05 Error counts,$f1 $00 Status,1
36,1194,0,0,1,95A7_2019-05-02_23-19-03_000_012,SAM_8581,SPECTRUM,RAW,,,2019-05-02 23:19:03,0,0,,,,,SAMIP Control,SAMIP_50DB,No Mission,1,0,1,,DLAB_2018-04-12_13-21-41_161_456,DLAB_2018-04-13_10-50-24_513_420,5.43447486196571,1,5.25,-1.4,4096,-1,0,+INF,0,1,0.0299060495750523,65535,0,-NAN,$05 $00 Pixel,$03 $05 Intensity counts,$f0 $05 Error counts,$f1 $00 Status,1
37,1195,0,0,1,95A7_2019-05-02_23-19-03_000_012,SAM_8581,SPECTRUM,RAW,,,2019-05-02 23:19:03,0,0,,,,,SAMIP Control,SAMIP_50DB,No Mission,1,0,1,,DLAB_2018-04-12_13-21-41_161_456,DLAB_2018-04-13_10-50-24_513_420,5.43447486196571,1,5.25,-1.4,4096,-1,0,+INF,0,1,0.0299060495750523,65535,0,-NAN,$05 $00 Pixel,$03 $05 Intensity counts,$f0 $05 Error counts,$f1 $00 Status,1
38,1197,0,0,1,95A7_2019-05-02_23-19-03_000_012,SAM_8581,SPECTRUM,RAW,,,2019-05-02 23:19:03,0,0,,,,,SAMIP Control,SAMIP_50DB,No Mission,1,0,1,,DLAB_2018-04-12_13-21-41_161_456,DLAB_2018-04-13_10-50-24_513_420,5.43447486196571,1,5.25,-1.4,4096,-1,0,+INF,0,1,0.0299060495750523,65535,0,-NAN,$05 $00 Pixel,$03 $05 Intensity counts,$f0 $05 Error counts,$f1 $00 Status,1
39,1197,0,0,1,95A7_2019-05-02_23-19-03_000_012,SAM_8581,SPECTRUM,RAW,,,2019-05-02 23:19:03,0,0,,,,,SAMIP Control,SAMIP_50DB,No Mission,1,0,1,,DLAB_2018-04-12_13-21-41_161_456,DLAB_2018-04-13_10-50-24_513_420,5.43447486196571,1,5.25,-1.4,4096,-1,0,+INF,0,1,0.0299060495750523,65535,0,-NAN,$05 $00 Pixel,$03 $05 Intensity counts,$f0 $05 Error counts,$f1 $00 Status,1
40,1203,0,0,1,95A7_2019-05-02_23-19-03_000_012,SAM_8581,SPECTRUM,RAW,,,2019-05-02 23:19:03,0,0,,,,,SAMIP Control,SAMIP_50DB,No Mission,1,0,1,,DLAB_2018-04-12_13-21-41_161_456,DLAB_2018-04-13_10-50-24_513_420,5.43447486196571,1,5.25,-1.4,4096,-1,0,+INF,0,1,0.0299060495750523,65535,0,-NAN,$05 $00 Pixel,$03 $05 Intensity counts,$f0 $05 Error counts,$f1 $00 Status,1
41,1195,0,0,1,95A7_2019-05-02_23-19-03_000_012,SAM_8581,SPECTRUM,RAW,,,2019-05-02 23:19:03,0,0,,,,,SAMIP Control,SAMIP_50DB,No Mission,1,0,1,,DLAB_2018-04-12_13-21-41_161_456,DLAB_2018-04-13_10-50-24_513_420,5.43447486196571,1,5.25,-1.4,4096,-1,0,+INF,0,1,0.0299060495750523,65535,0,-NAN,$05 $00 Pixel,$03 $05 Intensity counts,$f0 $05 Error counts,$f1 $00 Status,1
42,1201,0,0,1,95A7_2019-05-02_23-19-03_000_012,SAM_8581,SPECTRUM,RAW,,,2019-05-02 23:19:03,0,0,,,,,SAMIP Control,SAMIP_50DB,No Mission,1,0,1,,DLAB_2018-04-12_13-21-41_161_456,DLAB_2018-04-13_10-50-24_513_420,5.43447486196571,1,5.25,-1.4,4096,-1,0,+INF,0,1,0.0299060495750523,65535,0,-NAN,$05 $00 Pixel,$03 $05 Intensity counts,$f0 $05 Error counts,$f1 $00 Status,1
43,1196,0,0,1,95A7_2019-05-02_23-19-03_000_012,SAM_8581,SPECTRUM,RAW,,,2019-05-02 23:19:03,0,0,,,,,SAMIP Control,SAMIP_50DB,No Mission,1,0,1,,DLAB_2018-04-12_13-21-41_161_456,DLAB_2018-04-13_10-50-24_513_420,5.43447486196571,1,5.25,-1.4,4096,-1,0,+INF,0,1,0.0299060495750523,65535,0,-NAN,$05 $00 Pixel,$03 $05 Intensity counts,$f0 $05 Error counts,$f1 $00 Status,1
44,1200,0,0,1,95A7_2019-05-02_23-19-03_000_012,SAM_8581,SPECTRUM,RAW,,,2019-05-02 23:19:03,0,0,,,,,SAMIP Control,SAMIP_50DB,No Mission,1,0,1,,DLAB_2018-04-12_13-21-41_161_456,DLAB_2018-04-13_10-50-24_513_420,5.43447486196571,1,5.25,-1.4,4096,-1,0,+INF,0,1,0.0299060495750523,65535,0,-NAN,$05 $00 Pixel,$03 $05 Intensity counts,$f0 $05 Error counts,$f1 $00 Status,1
45,1194,0,0,1,95A7_2019-05-02_23-19-03_000_012,SAM_8581,SPECTRUM,RAW,,,2019-05-02 23:19:03,0,0,,,,,SAMIP Control,SAMIP_50DB,No Mission,1,0,1,,DLAB_2018-04-12_13-21-41_161_456,DLAB_2018-04-13_10-50-24_513_420,5.43447486196571,1,5.25,-1.4,4096,-1,0,+INF,0,1,0.0299060495750523,65535,0,-NAN,$05 $00 Pixel,$03 $05 Intensity counts,$f0 $05 Error counts,$f1 $00 Status,1
46,1196,0,0,1,95A7_2019-05-02_23-19-03_000_012,SAM_8581,SPECTRUM,RAW,,,2019-05-02 23:19:03,0,0,,,,,SAMIP Control,SAMIP_50DB,No Mission,1,0,1,,DLAB_2018-04-12_13-21-41_161_456,DLAB_2018-04-13_10-50-24_513_420,5.43447486196571,1,5.25,-1.4,4096,-1,0,+INF,0,1,0.0299060495750523,65535,0,-NAN,$05 $00 Pixel,$03 $05 Intensity counts,$f0 $05 Error counts,$f1 $00 Status,1
47,1196,0,0,1,95A7_2019-05-02_23-19-03_000_012,SAM_8581,SPECTRUM,RAW,,,2019-05-02 23:19:03,0,0,,,,,SAMIP Control,SAMIP_50DB,No Mission,1,0,1,,DLAB_2018-04-12_13-21-41_161_456,DLAB_2018-04-13_10-50-24_513_420,5.43447486196571,1,5.25,-1.4,4096,-1,0,+INF,0,1,0.0299060495750523,65535,0,-NAN,$05 $00 Pixel,$03 $05 Intensity counts,$f0 $05 Error counts,$f1 $00 Status,1
48,1200,0,0,1,95A7_2019-05-02_23-19-03_000_012,SAM_8581,SPECTRUM,RAW,,,2019-05-02 23:19:03,0,0,,,,,SAMIP Control,SAMIP_50DB,No Mission,1,0,1,,DLAB_2018-04-12_13-21-41_161_456,DLAB_2018-04-13_10-50-24_513_420,5.43447486196571,1,5.25,-1.4,4096,-1,0,+INF,0,1,0.0299060495750523,65535,0,-NAN,$05 $00 Pixel,$03 $05 Intensity counts,$f0 $05 Error counts,$f1 $00 Status,1
49,1200,0,0,1,95A7_2019-05-02_23-19-03_000_012,SAM_8581,SPECTRUM,RAW,,,2019-05-02 23:19:03,0,0,,,,,SAMIP Control,SAMIP_50DB,No Mission,1,0,1,,DLAB_2018-04-12_13-21-41_161_456,DLAB_2018-04-13_10-50-24_513_420,5.43447486196571,1,5.25,-1.4,4096,-1,0,+INF,0,1,0.0299060495750523,65535,0,-NAN,$05 $00 Pixel,$03 $05 Intensity counts,$f0 $05 Error counts,$f1 $00 Status,1
50,1203,0,0,1,95A7_2019-05-02_23-19-03_000_012,SAM_8581,SPECTRUM,RAW,,,2019-05-02 23:19:03,0,0,,,,,SAMIP Control,SAMIP_50DB,No Mission,1,0,1,,DLAB_2018-04-12_13-21-41_161_456,DLAB_2018-04-13_10-50-24_513_420,5.43447486196571,1,5.25,-1.4,4096,-1,0,+INF,0,1,0.0299060495750523,65535,0,-NAN,$05 $00 Pixel,$03 $05 Intensity counts,$f0 $05 Error counts,$f1 $00 Status,1
51,1197,0,0,1,95A7_2019-05-02_23-19-03_000_012,SAM_8581,SPECTRUM,RAW,,,2019-05-02 23:19:03,0,0,,,,,SAMIP Control,SAMIP_50DB,No Mission,1,0,1,,DLAB_2018-04-12_13-21-41_161_456,DLAB_2018-04-13_10-50-24_513_420,5.43447486196571,1,5.25,-1.4,4096,-1,0,+INF,0,1,0.0299060495750523,65535,0,-NAN,$05 $00 Pixel,$03 $05 Intensity counts,$f0 $05 Error counts,$f1 $00 Status,1
52,1200,0,0,1,95A7_2019-05-02_23-19-03_000_012,SAM_8581,SPECTRUM,RAW,,,2019-05-02 23:19:03,0,0,,,,,SAMIP Control,SAMIP_50DB,No Mission,1,0,1,,DLAB_2018-04-12_13-21-41_161_456,DLAB_2018-04-13_10-50-24_513_420,5.43447486196571,1,5.25,-1.4,4096,-1,0,+INF,0,1,0.0299060495750523,65535,0,-NAN,$05 $00 Pixel,$03 $05 Intensity counts,$f0 $05 Error counts,$f1 $00 Status,1
53,1199,0,0,1,95A7_2019-05-02_23-19-03_000_012,SAM_8581,SPECTRUM,RAW,,,2019-05-02 23:19:03,0,0,,,,,SAMIP Control,SAMIP_50DB,No Mission,1,0,1,,DLAB_2018-04-12_13-21-41_161_456,DLAB_2018-04-13_10-50-24_513_420,5.43447486196571,1,5.25,-1.4,4096,-1,0,+INF,0,1,0.0299060495750523,65535,0,-NAN,$05 $00 Pixel,$03 $05 Intensity counts,$f0 $05 Error counts,$f1 $00 Status,1
54,1197,0,0,1,95A7_2019-05-02_23-19-03_000_012,SAM_8581,SPECTRUM,RAW,,,2019-05-02 23:19:03,0,0,,,,,SAMIP Control,SAMIP_50DB,No Mission,1,0,1,,DLAB_2018-04-12_13-21-41_161_456,DLAB_2018-04-13_10-50-24_513_420,5.43447486196571,1,5.25,-1.4,4096,-1,0,+INF,0,1,0.0299060495750523,65535,0,-NAN,$05 $00 Pixel,$03 $05 Intensity counts,$f0 $05 Error counts,$f1 $00 Status,1
55,1202,0,0,1,95A7_2019-05-02_23-19-03_000_012,SAM_8581,SPECTRUM,RAW,,,2019-05-02 23:19:03,0,0,,,,,SAMIP Control,SAMIP_50DB,No Mission,1,0,1,,DLAB_2018-04-12_13-21-41_161_456,DLAB_2018-04-13_10-50-24_513_420,5.43447486196571,1,5.25,-1.4,4096,-1,0,+INF,0,1,0.0299060495750523,65535,0,-NAN,$05 $00 Pixel,$03 $05 Intensity counts,$f0 $05 Error counts,$f1 $00 Status,1
56,1192,0,0,1,95A7_2019-05-02_23-19-03_000_012,SAM_8581,SPECTRUM,RAW,,,2019-05-02 23:19:03,0,0,,,,,SAMIP Control,SAMIP_50DB,No Mission,1,0,1,,DLAB_2018-04-12_13-21-41_161_456,DLAB_2018-04-13_10-50-24_513_420,5.43447486196571,1,5.25,-1.4,4096,-1,0,+INF,0,1,0.0299060495750523,65535,0,-NAN,$05 $00 Pixel,$03 $05 Intensity counts,$f0 $05 Error counts,$f1 $00 Status,1
57,1196,0,0,1,95A7_2019-05-02_23-19-03_000_012,SAM_8581,SPECTRUM,RAW,,,2019-05-02 23:19:03,0,0,,,,,SAMIP Control,SAMIP_50DB,No Mission,1,0,1,,DLAB_2018-04-12_13-21-41_161_456,DLAB_2018-04-13_10-50-24_513_420,5.43447486196571,1,5.25,-1.4,4096,-1,0,+INF,0,1,0.0299060495750523,65535,0,-NAN,$05 $00 Pixel,$03 $05 Intensity counts,$f0 $05 Error counts,$f1 $00 Status,1
58,1200,0,0,1,95A7_2019-05-02_23-19-03_000_012,SAM_8581,SPECTRUM,RAW,,,2019-05-02 23:19:03,0,0,,,,,SAMIP Control,SAMIP_50DB,No Mission,1,0,1,,DLAB_2018-04-12_13-21-41_161_456,DLAB_2018-04-13_10-50-24_513_420,5.43447486196571,1,5.25,-1.4,4096,-1,0,+INF,0,1,0.0299060495750523,65535,0,-NAN,$05 $00 Pixel,$03 $05 Intensity counts,$f0 $05 Error counts,$f1 $00 Status,1
59,1196,0,0,1,95A7_2019-05-02_23-19-03_000_012,SAM_8581,SPECTRUM,RAW,,,2019-05-02 23:19:03,0,0,,,,,SAMIP Control,SAMIP_50DB,No Mission,1,0,1,,DLAB_2018-04-12_13-21-41_161_456,DLAB_2018-04-13_10-50-24_513_420,5.43447486196571,1,5.25,-1.4,4096,-1,0,+INF,0,1,0.0299060495750523,65535,0,-NAN,$05 $00 Pixel,$03 $05 Intensity counts,$f0 $05 Error counts,$f1 $00 Status,1
60,1205,0,0,1,95A7_2019-05-02_23-19-03_000_012,SAM_8581,SPECTRUM,RAW,,,2019-05-02 23:19:03,0,0,,,,,SAMIP Control,SAMIP_50DB,No Mission,1,0,1,,DLAB_2018-04-12_13-21-41_161_456,DLAB_2018-04-13_10-50-24_513_420,5.43447486196571,1,5.25,-1.4,4096,-1,0,+INF,0,1,0.0299060495750523,65535,0,-NAN,$05 $00 Pixel,$03 $05 Intensity counts,$f0 $05 Error counts,$f1 $00 Status,1
61,1200,0,0,1,95A7_2019-05-02_23-19-03_000_012,SAM_8581,SPECTRUM,RAW,,,2019-05-02 23:19:03,0,0,,,,,SAMIP Control,SAMIP_50DB,No Mission,1,0,1,,DLAB_2018-04-12_13-21-41_161_456,DLAB_2018-04-13_10-50-24_513_420,5.43447486196571,1,5.25,-1.4,4096,-1,0,+INF,0,1,0.0299060495750523,65535,0,-NAN,$05 $00 Pixel,$03 $05 Intensity counts,$f0 $05 Error counts,$f1 $00 Status,1
62,1198,0,0,1,95A7_2019-05-02_23-19-03_000_012,SAM_8581,SPECTRUM,RAW,,,2019-05-02 23:19:03,0,0,,,,,SAMIP Control,SAMIP_50DB,No Mission,1,0,1,,DLAB_2018-04-12_13-21-41_161_456,DLAB_2018-04-13_10-50-24_513_420,5.43447486196571,1,5.25,-1.4,4096,-1,0,+INF,0,1,0.0299060495750523,65535,0,-NAN,$05 $00 Pixel,$03 $05 Intensity counts,$f0 $05 Error counts,$f1 $00 Status,1
63,1198,0,0,1,95A7_2019-05-02_23-19-03_000_012,SAM_8581,SPECTRUM,RAW,,,2019-05-02 23:19:03,0,0,,,,,SAMIP Control,SAMIP_50DB,No Mission,1,0,1,,DLAB_2018-04-12_13-21-41_161_456,DLAB_2018-04-13_10-50-24_513_420,5.43447486196571,1,5.25,-1.4,4096,-1,0,+INF,0,1,0.0299060495750523,65535,0,-NAN,$05 $00 Pixel,$03 $05 Intensity counts,$f0 $05 Error counts,$f1 $00 Status,1
64,1204,0,0,1,95A7_2019-05-02_23-19-03_000_012,SAM_8581,SPECTRUM,RAW,,,2019-05-02 23:19:03,0,0,,,,,SAMIP Control,SAMIP_50DB,No Mission,1,0,1,,DLAB_2018-04-12_13-21-41_161_456,DLAB_2018-04-13_10-50-24_513_420,5.43447486196571,1,5.25,-1.4,4096,-1,0,+INF,0,1,0.0299060495750523,65535,0,-NAN,$05 $00 Pixel,$03 $05 Intensity counts,$f0 $05 Error counts,$f1 $00 Status,1
65,1202,0,0,1,95A7_2019-05-02_23-19-03_000_012,SAM_8581,SPECTRUM,RAW,,,2019-05-02 23:19:03,0,0,,,,,SAMIP Control,SAMIP_50DB,No Mission,1,0,1,,DLAB_2018-04-12_13-21-41_161_456,DLAB_2018-04-13_10-50-24_513_420,5.43447486196571,1,5.25,-1.4,4096,-1,0,+INF,0,1,0.0299060495750523,65535,0,-NAN,$05 $00 Pixel,$03 $05 Intensity counts,$f0 $05 Error counts,$f1 $00 Status,1
66,1200,0,0,1,95A7_2019-05-02_23-19-03_000_012,SAM_8581,SPECTRUM,RAW,,,2019-05-02 23:19:03,0,0,,,,,SAMIP Control,SAMIP_50DB,No Mission,1,0,1,,DLAB_2018-04-12_13-21-41_161_456,DLAB_2018-04-13_10-50-24_513_420,5.43447486196571,1,5.25,-1.4,4096,-1,0,+INF,0,1,0.0299060495750523,65535,0,-NAN,$05 $00 Pixel,$03 $05 Intensity counts,$f0 $05 Error counts,$f1 $00 Status,1
67,1196,0,0,1,95A7_2019-05-02_23-19-03_000_012,SAM_8581,SPECTRUM,RAW,,,2019-05-02 23:19:03,0,0,,,,,SAMIP Control,SAMIP_50DB,No Mission,1,0,1,,DLAB_2018-04-12_13-21-41_161_456,DLAB_2018-04-13_10-50-24_513_420,5.43447486196571,1,5.25,-1.4,4096,-1,0,+INF,0,1,0.0299060495750523,65535,0,-NAN,$05 $00 Pixel,$03 $05 Intensity counts,$f0 $05 Error counts,$f1 $00 Status,1
68,1203,0,0,1,95A7_2019-05-02_23-19-03_000_012,SAM_8581,SPECTRUM,RAW,,,2019-05-02 23:19:03,0,0,,,,,SAMIP Control,SAMIP_50DB,No Mission,1,0,1,,DLAB_2018-04-12_13-21-41_161_456,DLAB_2018-04-13_10-50-24_513_420,5.43447486196571,1,5.25,-1.4,4096,-1,0,+INF,0,1,0.0299060495750523,65535,0,-NAN,$05 $00 Pixel,$03 $05 Intensity counts,$f0 $05 Error counts,$f1 $00 Status,1
69,1200,0,0,1,95A7_2019-05-02_23-19-03_000_012,SAM_8581,SPECTRUM,RAW,,,2019-05-02 23:19:03,0,0,,,,,SAMIP Control,SAMIP_50DB,No Mission,1,0,1,,DLAB_2018-04-12_13-21-41_161_456,DLAB_2018-04-13_10-50-24_513_420,5.43447486196571,1,5.25,-1.4,4096,-1,0,+INF,0,1,0.0299060495750523,65535,0,-NAN,$05 $00 Pixel,$03 $05 Intensity counts,$f0 $05 Error counts,$f1 $00 Status,1
70,1205,0,0,1,95A7_2019-05-02_23-19-03_000_012,SAM_8581,SPECTRUM,RAW,,,2019-05-02 23:19:03,0,0,,,,,SAMIP Control,SAMIP_50DB,No Mission,1,0,1,,DLAB_2018-04-12_13-21-41_161_456,DLAB_2018-04-13_10-50-24_513_420,5.43447486196571,1,5.25,-1.4,4096,-1,0,+INF,0,1,0.0299060495750523,65535,0,-NAN,$05 $00 Pixel,$03 $05 Intensity counts,$f0 $05 Error counts,$f1 $00 Status,1
71,1204,0,0,1,95A7_2019-05-02_23-19-03_000_012,SAM_8581,SPECTRUM,RAW,,,2019-05-02 23:19:03,0,0,,,,,SAMIP Control,SAMIP_50DB,No Mission,1,0,1,,DLAB_2018-04-12_13-21-41_161_456,DLAB_2018-04-13_10-50-24_513_420,5.43447486196571,1,5.25,-1.4,4096,-1,0,+INF,0,1,0.0299060495750523,65535,0,-NAN,$05 $00 Pixel,$03 $05 Intensity counts,$f0 $05 Error counts,$f1 $00 Status,1
72,1201,0,0,1,95A7_2019-05-02_23-19-03_000_012,SAM_8581,SPECTRUM,RAW,,,2019-05-02 23:19:03,0,0,,,,,SAMIP Control,SAMIP_50DB,No Mission,1,0,1,,DLAB_2018-04-12_13-21-41_161_456,DLAB_2018-04-13_10-50-24_513_420,5.43447486196571,1,5.25,-1.4,4096,-1,0,+INF,0,1,0.0299060495750523,65535,0,-NAN,$05 $00 Pixel,$03 $05 Intensity counts,$f0 $05 Error counts,$f1 $00 Status,1
73,1204,0,0,1,95A7_2019-05-02_23-19-03_000_012,SAM_8581,SPECTRUM,RAW,,,2019-05-02 23:19:03,0,0,,,,,SAMIP Control,SAMIP_50DB,No Mission,1,0,1,,DLAB_2018-04-12_13-21-41_161_456,DLAB_2018-04-13_10-50-24_513_420,5.43447486196571,1,5.25,-1.4,4096,-1,0,+INF,0,1,0.0299060495750523,65535,0,-NAN,$05 $00 Pixel,$03 $05 Intensity counts,$f0 $05 Error counts,$f1 $00 Status,1
74,1198,0,0,1,95A7_2019-05-02_23-19-03_000_012,SAM_8581,SPECTRUM,RAW,,,2019-05-02 23:19:03,0,0,,,,,SAMIP Control,SAMIP_50DB,No Mission,1,0,1,,DLAB_2018-04-12_13-21-41_161_456,DLAB_2018-04-13_10-50-24_513_420,5.43447486196571,1,5.25,-1.4,4096,-1,0,+INF,0,1,0.0299060495750523,65535,0,-NAN,$05 $00 Pixel,$03 $05 Intensity counts,$f0 $05 Error counts,$f1 $00 Status,1
75,1198,0,0,1,95A7_2019-05-02_23-19-03_000_012,SAM_8581,SPECTRUM,RAW,,,2019-05-02 23:19:03,0,0,,,,,SAMIP Control,SAMIP_50DB,No Mission,1,0,1,,DLAB_2018-04-12_13-21-41_161_456,DLAB_2018-04-13_10-50-24_513_420,5.43447486196571,1,5.25,-1.4,4096,-1,0,+INF,0,1,0.0299060495750523,65535,0,-NAN,$05 $00 Pixel,$03 $05 Intensity counts,$f0 $05 Error counts,$f1 $00 Status,1
76,1199,0,0,1,95A7_2019-05-02_23-19-03_000_012,SAM_8581,SPECTRUM,RAW,,,2019-05-02 23:19:03,0,0,,,,,SAMIP Control,SAMIP_50DB,No Mission,1,0,1,,DLAB_2018-04-12_13-21-41_161_456,DLAB_2018-04-13_10-50-24_513_420,5.43447486196571,1,5.25,-1.4,4096,-1,0,+INF,0,1,0.0299060495750523,65535,0,-NAN,$05 $00 Pixel,$03 $05 Intensity counts,$f0 $05 Error counts,$f1 $00 Status,1
77,1201,0,0,1,95A7_2019-05-02_23-19-03_000_012,SAM_8581,SPECTRUM,RAW,,,2019-05-02 23:19:03,0,0,,,,,SAMIP Control,SAMIP_50DB,No Mission,1,0,1,,DLAB_2018-04-12_13-21-41_161_456,DLAB_2018-04-13_10-50-24_513_420,5.43447486196571,1,5.25,-1.4,4096,-1,0,+INF,0,1,0.0299060495750523,65535,0,-NAN,$05 $00 Pixel,$03 $05 Intensity counts,$f0 $05 Error counts,$f1 $00 Status,1
78,1201,0,0,1,95A7_2019-05-02_23-19-03_000_012,SAM_8581,SPECTRUM,RAW,,,2019-05-02 23:19:03,0,0,,,,,SAMIP Control,SAMIP_50DB,No Mission,1,0,1,,DLAB_2018-04-12_13-21-41_161_456,DLAB_2018-04-13_10-50-24_513_420,5.43447486196571,1,5.25,-1.4,4096,-1,0,+INF,0,1,0.0299060495750523,65535,0,-NAN,$05 $00 Pixel,$03 $05 Intensity counts,$f0 $05 Error counts,$f1 $00 Status,1
79,1200,0,0,1,95A7_2019-05-02_23-19-03_000_012,SAM_8581,SPECTRUM,RAW,,,2019-05-02 23:19:03,0,0,,,,,SAMIP Control,SAMIP_50DB,No Mission,1,0,1,,DLAB_2018-04-12_13-21-41_161_456,DLAB_2018-04-13_10-50-24_513_420,5.43447486196571,1,5.25,-1.4,4096,-1,0,+INF,0,1,0.0299060495750523,65535,0,-NAN,$05 $00 Pixel,$03 $05 Intensity counts,$f0 $05 Error counts,$f1 $00 Status,1
80,1201,0,0,1,95A7_2019-05-02_23-19-03_000_012,SAM_8581,SPECTRUM,RAW,,,2019-05-02 23:19:03,0,0,,,,,SAMIP Control,SAMIP_50DB,No Mission,1,0,1,,DLAB_2018-04-12_13-21-41_161_456,DLAB_2018-04-13_10-50-24_513_420,5.43447486196571,1,5.25,-1.4,4096,-1,0,+INF,0,1,0.0299060495750523,65535,0,-NAN,$05 $00 Pixel,$03 $05 Intensity counts,$f0 $05 Error counts,$f1 $00 Status,1
81,1203,0,0,1,95A7_2019-05-02_23-19-03_000_012,SAM_8581,SPECTRUM,RAW,,,2019-05-02 23:19:03,0,0,,,,,SAMIP Control,SAMIP_50DB,No Mission,1,0,1,,DLAB_2018-04-12_13-21-41_161_456,DLAB_2018-04-13_10-50-24_513_420,5.43447486196571,1,5.25,-1.4,4096,-1,0,+INF,0,1,0.0299060495750523,65535,0,-NAN,$05 $00 Pixel,$03 $05 Intensity counts,$f0 $05 Error counts,$f1 $00 Status,1
82,1206,0,0,1,95A7_2019-05-02_23-19-03_000_012,SAM_8581,SPECTRUM,RAW,,,2019-05-02 23:19:03,0,0,,,,,SAMIP Control,SAMIP_50DB,No Mission,1,0,1,,DLAB_2018-04-12_13-21-41_161_456,DLAB_2018-04-13_10-50-24_513_420,5.43447486196571,1,5.25,-1.4,4096,-1,0,+INF,0,1,0.0299060495750523,65535,0,-NAN,$05 $00 Pixel,$03 $05 Intensity counts,$f0 $05 Error counts,$f1 $00 Status,1
83,1203,0,0,1,95A7_2019-05-02_23-19-03_000_012,SAM_8581,SPECTRUM,RAW,,,2019-05-02 23:19:03,0,0,,,,,SAMIP Control,SAMIP_50DB,No Mission,1,0,1,,DLAB_2018-04-12_13-21-41_161_456,DLAB_2018-04-13_10-50-24_513_420,5.43447486196571,1,5.25,-1.4,4096,-1,0,+INF,0,1,0.0299060495750523,65535,0,-NAN,$05 $00 Pixel,$03 $05 Intensity counts,$f0 $05 Error counts,$f1 $00 Status,1
84,1204,0,0,1,95A7_2019-05-02_23-19-03_000_012,SAM_8581,SPECTRUM,RAW,,,2019-05-02 23:19:03,0,0,,,,,SAMIP Control,SAMIP_50DB,No Mission,1,0,1,,DLAB_2018-04-12_13-21-41_161_456,DLAB_2018-04-13_10-50-24_513_420,5.43447486196571,1,5.25,-1.4,4096,-1,0,+INF,0,1,0.0299060495750523,65535,0,-NAN,$05 $00 Pixel,$03 $05 Intensity counts,$f0 $05 Error counts,$f1 $00 Status,1
85,1204,0,0,1,95A7_2019-05-02_23-19-03_000_012,SAM_8581,SPECTRUM,RAW,,,2019-05-02 23:19:03,0,0,,,,,SAMIP Control,SAMIP_50DB,No Mission,1,0,1,,DLAB_2018-04-12_13-21-41_161_456,DLAB_2018-04-13_10-50-24_513_420,5.43447486196571,1,5.25,-1.4,4096,-1,0,+INF,0,1,0.0299060495750523,65535,0,-NAN,$05 $00 Pixel,$03 $05 Intensity counts,$f0 $05 Error counts,$f1 $00 Status,1
86,1202,0,0,1,95A7_2019-05-02_23-19-03_000_012,SAM_8581,SPECTRUM,RAW,,,2019-05-02 23:19:03,0,0,,,,,SAMIP Control,SAMIP_50DB,No Mission,1,0,1,,DLAB_2018-04-12_13-21-41_161_456,DLAB_2018-04-13_10-50-24_513_420,5.43447486196571,1,5.25,-1.4,4096,-1,0,+INF,0,1,0.0299060495750523,65535,0,-NAN,$05 $00 Pixel,$03 $05 Intensity counts,$f0 $05 Error counts,$f1 $00 Status,1
87,1201,0,0,1,95A7_2019-05-02_23-19-03_000_012,SAM_8581,SPECTRUM,RAW,,,2019-05-02 23:19:03,0,0,,,,,SAMIP Control,SAMIP_50DB,No Mission,1,0,1,,DLAB_2018-04-12_13-21-41_161_456,DLAB_2018-04-13_10-50-24_513_420,5.43447486196571,1,5.25,-1.4,4096,-1,0,+INF,0,1,0.0299060495750523,65535,0,-NAN,$05 $00 Pixel,$03 $05 Intensity counts,$f0 $05 Error counts,$f1 $00 Status,1
88,1204,0,0,1,95A7_2019-05-02_23-19-03_000_012,SAM_8581,SPECTRUM,RAW,,,2019-05-02 23:19:03,0,0,,,,,SAMIP Control,SAMIP_50DB,No Mission,1,0,1,,DLAB_2018-04-12_13-21-41_161_456,DLAB_2018-04-13_10-50-24_513_420,5.43447486196571,1,5.25,-1.4,4096,-1,0,+INF,0,1,0.0299060495750523,65535,0,-NAN,$05 $00 Pixel,$03 $05 Intensity counts,$f0 $05 Error counts,$f1 $00 Status,1
89,1205,0,0,1,95A7_2019-05-02_23-19-03_000_012,SAM_8581,SPECTRUM,RAW,,,2019-05-02 23:19:03,0,0,,,,,SAMIP Control,SAMIP_50DB,No Mission,1,0,1,,DLAB_2018-04-12_13-21-41_161_456,DLAB_2018-04-13_10-50-24_513_420,5.43447486196571,1,5.25,-1.4,4096,-1,0,+INF,0,1,0.0299060495750523,65535,0,-NAN,$05 $00 Pixel,$03 $05 Intensity counts,$f0 $05 Error counts,$f1 $00 Status,1
90,1203,0,0,1,95A7_2019-05-02_23-19-03_000_012,SAM_8581,SPECTRUM,RAW,,,2019-05-02 23:19:03,0,0,,,,,SAMIP Control,SAMIP_50DB,No Mission,1,0,1,,DLAB_2018-04-12_13-21-41_161_456,DLAB_2018-04-13_10-50-24_513_420,5.43447486196571,1,5.25,-1.4,4096,-1,0,+INF,0,1,0.0299060495750523,65535,0,-NAN,$05 $00 Pixel,$03 $05 Intensity counts,$f0 $05 Error counts,$f1 $00 Status,1
91,1204,0,0,1,95A7_2019-05-02_23-19-03_000_012,SAM_8581,SPECTRUM,RAW,,,2019-05-02 23:19:03,0,0,,,,,SAMIP Control,SAMIP_50DB,No Mission,1,0,1,,DLAB_2018-04-12_13-21-41_161_456,DLAB_2018-04-13_10-50-24_513_420,5.43447486196571,1,5.25,-1.4,4096,-1,0,+INF,0,1,0.0299060495750523,65535,0,-NAN,$05 $00 Pixel,$03 $05 Intensity counts,$f0 $05 Error counts,$f1 $00 Status,1
92,1207,0,0,1,95A7_2019-05-02_23-19-03_000_012,SAM_8581,SPECTRUM,RAW,,,2019-05-02 23:19:03,0,0,,,,,SAMIP Control,SAMIP_50DB,No Mission,1,0,1,,DLAB_2018-04-12_13-21-41_161_456,DLAB_2018-04-13_10-50-24_513_420,5.43447486196571,1,5.25,-1.4,4096,-1,0,+INF,0,1,0.0299060495750523,65535,0,-NAN,$05 $00 Pixel,$03 $05 Intensity counts,$f0 $05 Error counts,$f1 $00 Status,1
93,1201,0,0,1,95A7_2019-05-02_23-19-03_000_012,SAM_8581,SPECTRUM,RAW,,,2019-05-02 23:19:03,0,0,,,,,SAMIP Control,SAMIP_50DB,No Mission,1,0,1,,DLAB_2018-04-12_13-21-41_161_456,DLAB_2018-04-13_10-50-24_513_420,5.43447486196571,1,5.25,-1.4,4096,-1,0,+INF,0,1,0.0299060495750523,65535,0,-NAN,$05 $00 Pixel,$03 $05 Intensity counts,$f0 $05 Error counts,$f1 $00 Status,1
94,1207,0,0,1,95A7_2019-05-02_23-19-03_000_012,SAM_8581,SPECTRUM,RAW,,,2019-05-02 23:19:03,0,0,,,,,SAMIP Control,SAMIP_50DB,No Mission,1,0,1,,DLAB_2018-04-12_13-21-41_161_456,DLAB_2018-04-13_10-50-24_513_420,5.43447486196571,1,5.25,-1.4,4096,-1,0,+INF,0,1,0.0299060495750523,65535,0,-NAN,$05 $00 Pixel,$03 $05 Intensity counts,$f0 $05 Error counts,$f1 $00 Status,1
95,1202,0,0,1,95A7_2019-05-02_23-19-03_000_012,SAM_8581,SPECTRUM,RAW,,,2019-05-02 23:19:03,0,0,,,,,SAMIP Control,SAMIP_50DB,No Mission,1,0,1,,DLAB_2018-04-12_13-21-41_161_456,DLAB_2018-04-13_10-50-24_513_420,5.43447486196571,1,5.25,-1.4,4096,-1,0,+INF,0,1,0.0299060495750523,65535,0,-NAN,$05 $00 Pixel,$03 $05 Intensity counts,$f0 $05 Error counts,$f1 $00 Status,1
96,1203,0,0,1,95A7_2019-05-02_23-19-03_000_012,SAM_8581,SPECTRUM,RAW,,,2019-05-02 23:19:03,0,0,,,,,SAMIP Control,SAMIP_50DB,No Mission,1,0,1,,DLAB_2018-04-12_13-21-41_161_456,DLAB_2018-04-13_10-50-24_513_420,5.43447486196571,1,5.25,-1.4,4096,-1,0,+INF,0,1,0.0299060495750523,65535,0,-NAN,$05 $00 Pixel,$03 $05 Intensity counts,$f0 $05 Error counts,$f1 $00 Status,1
97,1202,0,0,1,95A7_2019-05-02_23-19-03_000_012,SAM_8581,SPECTRUM,RAW,,,2019-05-02 23:19:03,0,0,,,,,SAMIP Control,SAMIP_50DB,No Mission,1,0,1,,DLAB_2018-04-12_13-21-41_161_456,DLAB_2018-04-13_10-50-24_513_420,5.43447486196571,1,5.25,-1.4,4096,-1,0,+INF,0,1,0.0299060495750523,65535,0,-NAN,$05 $00 Pixel,$03 $05 Intensity counts,$f0 $05 Error counts,$f1 $00 Status,1
98,1204,0,0,1,95A7_2019-05-02_23-19-03_000_012,SAM_8581,SPECTRUM,RAW,,,2019-05-02 23:19:03,0,0,,,,,SAMIP Control,SAMIP_50DB,No Mission,1,0,1,,DLAB_2018-04-12_13-21-41_161_456,DLAB_2018-04-13_10-50-24_513_420,5.43447486196571,1,5.25,-1.4,4096,-1,0,+INF,0,1,0.0299060495750523,65535,0,-NAN,$05 $00 Pixel,$03 $05 Intensity counts,$f0 $05 Error counts,$f1 $00 Status,1
99,1200,0,0,1,95A7_2019-05-02_23-19-03_000_012,SAM_8581,SPECTRUM,RAW,,,2019-05-02 23:19:03,0,0,,,,,SAMIP Control,SAMIP_50DB,No Mission,1,0,1,,DLAB_2018-04-12_13-21-41_161_456,DLAB_2018-04-13_10-50-24_513_420,5.43447486196571,1,5.25,-1.4,4096,-1,0,+INF,0,1,0.0299060495750523,65535,0,-NAN,$05 $00 Pixel,$03 $05 Intensity counts,$f0 $05 Error counts,$f1 $00 Status,1
100,1204,0,0,1,95A7_2019-05-02_23-19-03_000_012,SAM_8581,SPECTRUM,RAW,,,2019-05-02 23:19:03,0,0,,,,,SAMIP Control,SAMIP_50DB,No Mission,1,0,1,,DLAB_2018-04-12_13-21-41_161_456,DLAB_2018-04-13_10-50-24_513_420,5.43447486196571,1,5.25,-1.4,4096,-1,0,+INF,0,1,0.0299060495750523,65535,0,-NAN,$05 $00 Pixel,$03 $05 Intensity counts,$f0 $05 Error counts,$f1 $00 Status,1
101,1204,0,0,1,95A7_2019-05-02_23-19-03_000_012,SAM_8581,SPECTRUM,RAW,,,2019-05-02 23:19:03,0,0,,,,,SAMIP Control,SAMIP_50DB,No Mission,1,0,1,,DLAB_2018-04-12_13-21-41_161_456,DLAB_2018-04-13_10-50-24_513_420,5.43447486196571,1,5.25,-1.4,4096,-1,0,+INF,0,1,0.0299060495750523,65535,0,-NAN,$05 $00 Pixel,$03 $05 Intensity counts,$f0 $05 Error counts,$f1 $00 Status,1
102,1202,0,0,1,95A7_2019-05-02_23-19-03_000_012,SAM_8581,SPECTRUM,RAW,,,2019-05-02 23:19:03,0,0,,,,,SAMIP Control,SAMIP_50DB,No Mission,1,0,1,,DLAB_2018-04-12_13-21-41_161_456,DLAB_2018-04-13_10-50-24_513_420,5.43447486196571,1,5.25,-1.4,4096,-1,0,+INF,0,1,0.0299060495750523,65535,0,-NAN,$05 $00 Pixel,$03 $05 Intensity counts,$f0 $05 Error counts,$f1 $00 Status,1
103,1201,0,0,1,95A7_2019-05-02_23-19-03_000_012,SAM_8581,SPECTRUM,RAW,,,2019-05-02 23:19:03,0,0,,,,,SAMIP Control,SAMIP_50DB,No Mission,1,0,1,,DLAB_2018-04-12_13-21-41_161_456,DLAB_2018-04-13_10-50-24_513_420,5.43447486196571,1,5.25,-1.4,4096,-1,0,+INF,0,1,0.0299060495750523,65535,0,-NAN,$05 $00 Pixel,$03 $05 Intensity counts,$f0 $05 Error counts,$f1 $00 Status,1
104,1204,0,0,1,95A7_2019-05-02_23-19-03_000_012,SAM_8581,SPECTRUM,RAW,,,2019-05-02 23:19:03,0,0,,,,,SAMIP Control,SAMIP_50DB,No Mission,1,0,1,,DLAB_2018-04-12_13-21-41_161_456,DLAB_2018-04-13_10-50-24_513_420,5.43447486196571,1,5.25,-1.4,4096,-1,0,+INF,0,1,0.0299060495750523,65535,0,-NAN,$05 $00 Pixel,$03 $05 Intensity counts,$f0 $05 Error counts,$f1 $00 Status,1
105,1200,0,0,1,95A7_2019-05-02_23-19-03_000_012,SAM_8581,SPECTRUM,RAW,,,2019-05-02 23:19:03,0,0,,,,,SAMIP Control,SAMIP_50DB,No Mission,1,0,1,,DLAB_2018-04-12_13-21-41_161_456,DLAB_2018-04-13_10-50-24_513_420,5.43447486196571,1,5.25,-1.4,4096,-1,0,+INF,0,1,0.0299060495750523,65535,0,-NAN,$05 $00 Pixel,$03 $05 Intensity counts,$f0 $05 Error counts,$f1 $00 Status,1
106,1199,0,0,1,95A7_2019-05-02_23-19-03_000_012,SAM_8581,SPECTRUM,RAW,,,2019-05-02 23:19:03,0,0,,,,,SAMIP Control,SAMIP_50DB,No Mission,1,0,1,,DLAB_2018-04-12_13-21-41_161_456,DLAB_2018-04-13_10-50-24_513_420,5.43447486196571,1,5.25,-1.4,4096,-1,0,+INF,0,1,0.0299060495750523,65535,0,-NAN,$05 $00 Pixel,$03 $05 Intensity counts,$f0 $05 Error counts,$f1 $00 Status,1
107,1203,0,0,1,95A7_2019-05-02_23-19-03_000_012,SAM_8581,SPECTRUM,RAW,,,2019-05-02 23:19:03,0,0,,,,,SAMIP Control,SAMIP_50DB,No Mission,1,0,1,,DLAB_2018-04-12_13-21-41_161_456,DLAB_2018-04-13_10-50-24_513_420,5.43447486196571,1,5.25,-1.4,4096,-1,0,+INF,0,1,0.0299060495750523,65535,0,-NAN,$05 $00 Pixel,$03 $05 Intensity counts,$f0 $05 Error counts,$f1 $00 Status,1
108,1201,0,0,1,95A7_2019-05-02_23-19-03_000_012,SAM_8581,SPECTRUM,RAW,,,2019-05-02 23:19:03,0,0,,,,,SAMIP Control,SAMIP_50DB,No Mission,1,0,1,,DLAB_2018-04-12_13-21-41_161_456,DLAB_2018-04-13_10-50-24_513_420,5.43447486196571,1,5.25,-1.4,4096,-1,0,+INF,0,1,0.0299060495750523,65535,0,-NAN,$05 $00 Pixel,$03 $05 Intensity counts,$f0 $05 Error counts,$f1 $00 Status,1
109,1197,0,0,1,95A7_2019-05-02_23-19-03_000_012,SAM_8581,SPECTRUM,RAW,,,2019-05-02 23:19:03,0,0,,,,,SAMIP Control,SAMIP_50DB,No Mission,1,0,1,,DLAB_2018-04-12_13-21-41_161_456,DLAB_2018-04-13_10-50-24_513_420,5.43447486196571,1,5.25,-1.4,4096,-1,0,+INF,0,1,0.0299060495750523,65535,0,-NAN,$05 $00 Pixel,$03 $05 Intensity counts,$f0 $05 Error counts,$f1 $00 Status,1
110,1204,0,0,1,95A7_2019-05-02_23-19-03_000_012,SAM_8581,SPECTRUM,RAW,,,2019-05-02 23:19:03,0,0,,,,,SAMIP Control,SAMIP_50DB,No Mission,1,0,1,,DLAB_2018-04-12_13-21-41_161_456,DLAB_2018-04-13_10-50-24_513_420,5.43447486196571,1,5.25,-1.4,4096,-1,0,+INF,0,1,0.0299060495750523,65535,0,-NAN,$05 $00 Pixel,$03 $05 Intensity counts,$f0 $05 Error counts,$f1 $00 Status,1
111,1204,0,0,1,95A7_2019-05-02_23-19-03_000_012,SAM_8581,SPECTRUM,RAW,,,2019-05-02 23:19:03,0,0,,,,,SAMIP Control,SAMIP_50DB,No Mission,1,0,1,,DLAB_2018-04-12_13-21-41_161_456,DLAB_2018-04-13_10-50-24_513_420,5.43447486196571,1,5.25,-1.4,4096,-1,0,+INF,0,1,0.0299060495750523,65535,0,-NAN,$05 $00 Pixel,$03 $05 Intensity counts,$f0 $05 Error counts,$f1 $00 Status,1
112,1204,0,0,1,95A7_2019-05-02_23-19-03_000_012,SAM_8581,SPECTRUM,RAW,,,2019-05-02 23:19:03,0,0,,,,,SAMIP Control,SAMIP_50DB,No Mission,1,0,1,,DLAB_2018-04-12_13-21-41_161_456,DLAB_2018-04-13_10-50-24_513_420,5.43447486196571,1,5.25,-1.4,4096,-1,0,+INF,0,1,0.0299060495750523,65535,0,-NAN,$05 $00 Pixel,$03 $05 Intensity counts,$f0 $05 Error counts,$f1 $00 Status,1
113,1202,0,0,1,95A7_2019-05-02_23-19-03_000_012,SAM_8581,SPECTRUM,RAW,,,2019-05-02 23:19:03,0,0,,,,,SAMIP Control,SAMIP_50DB,No Mission,1,0,1,,DLAB_2018-04-12_13-21-41_161_456,DLAB_2018-04-13_10-50-24_513_420,5.43447486196571,1,5.25,-1.4,4096,-1,0,+INF,0,1,0.0299060495750523,65535,0,-NAN,$05 $00 Pixel,$03 $05 Intensity counts,$f0 $05 Error counts,$f1 $00 Status,1
114,1203,0,0,1,95A7_2019-05-02_23-19-03_000_012,SAM_8581,SPECTRUM,RAW,,,2019-05-02 23:19:03,0,0,,,,,SAMIP Control,SAMIP_50DB,No Mission,1,0,1,,DLAB_2018-04-12_13-21-41_161_456,DLAB_2018-04-13_10-50-24_513_420,5.43447486196571,1,5.25,-1.4,4096,-1,0,+INF,0,1,0.0299060495750523,65535,0,-NAN,$05 $00 Pixel,$03 $05 Intensity counts,$f0 $05 Error counts,$f1 $00 Status,1
115,1200,0,0,1,95A7_2019-05-02_23-19-03_000_012,SAM_8581,SPECTRUM,RAW,,,2019-05-02 23:19:03,0,0,,,,,SAMIP Control,SAMIP_50DB,No Mission,1,0,1,,DLAB_2018-04-12_13-21-41_161_456,DLAB_2018-04-13_10-50-24_513_420,5.43447486196571,1,5.25,-1.4,4096,-1,0,+INF,0,1,0.0299060495750523,65535,0,-NAN,$05 $00 Pixel,$03 $05 Intensity counts,$f0 $05 Error counts,$f1 $00 Status,1
116,1204,0,0,1,95A7_2019-05-02_23-19-03_000_012,SAM_8581,SPECTRUM,RAW,,,2019-05-02 23:19:03,0,0,,,,,SAMIP Control,SAMIP_50DB,No Mission,1,0,1,,DLAB_2018-04-12_13-21-41_161_456,DLAB_2018-04-13_10-50-24_513_420,5.43447486196571,1,5.25,-1.4,4096,-1,0,+INF,0,1,0.0299060495750523,65535,0,-NAN,$05 $00 Pixel,$03 $05 Intensity counts,$f0 $05 Error counts,$f1 $00 Status,1
117,1202,0,0,1,95A7_2019-05-02_23-19-03_000_012,SAM_8581,SPECTRUM,RAW,,,2019-05-02 23:19:03,0,0,,,,,SAMIP Control,SAMIP_50DB,No Mission,1,0,1,,DLAB_2018-04-12_13-21-41_161_456,DLAB_2018-04-13_10-50-24_513_420,5.43447486196571,1,5.25,-1.4,4096,-1,0,+INF,0,1,0.0299060495750523,65535,0,-NAN,$05 $00 Pixel,$03 $05 Intensity counts,$f0 $05 Error counts,$f1 $00 Status,1
118,1199,0,0,1,95A7_2019-05-02_23-19-03_000_012,SAM_8581,SPECTRUM,RAW,,,2019-05-02 23:19:03,0,0,,,,,SAMIP Control,SAMIP_50DB,No Mission,1,0,1,,DLAB_2018-04-12_13-21-41_161_456,DLAB_2018-04-13_10-50-24_513_420,5.43447486196571,1,5.25,-1.4,4096,-1,0,+INF,0,1,0.0299060495750523,65535,0,-NAN,$05 $00 Pixel,$03 $05 Intensity counts,$f0 $05 Error counts,$f1 $00 Status,1
119,1204,0,0,1,95A7_2019-05-02_23-19-03_000_012,SAM_8581,SPECTRUM,RAW,,,2019-05-02 23:19:03,0,0,,,,,SAMIP Control,SAMIP_50DB,No Mission,1,0,1,,DLAB_2018-04-12_13-21-41_161_456,DLAB_2018-04-13_10-50-24_513_420,5.43447486196571,1,5.25,-1.4,4096,-1,0,+INF,0,1,0.0299060495750523,65535,0,-NAN,$05 $00 Pixel,$03 $05 Intensity counts,$f0 $05 Error counts,$f1 $00 Status,1
120,1203,0,0,1,95A7_2019-05-02_23-19-03_000_012,SAM_8581,SPECTRUM,RAW,,,2019-05-02 23:19:03,0,0,,,,,SAMIP Control,SAMIP_50DB,No Mission,1,0,1,,DLAB_2018-04-12_13-21-41_161_456,DLAB_2018-04-13_10-50-24_513_420,5.43447486196571,1,5.25,-1.4,4096,-1,0,+INF,0,1,0.0299060495750523,65535,0,-NAN,$05 $00 Pixel,$03 $05 Intensity counts,$f0 $05 Error counts,$f1 $00 Status,1
121,1200,0,0,1,95A7_2019-05-02_23-19-03_000_012,SAM_8581,SPECTRUM,RAW,,,2019-05-02 23:19:03,0,0,,,,,SAMIP Control,SAMIP_50DB,No Mission,1,0,1,,DLAB_2018-04-12_13-21-41_161_456,DLAB_2018-04-13_10-50-24_513_420,5.43447486196571,1,5.25,-1.4,4096,-1,0,+INF,0,1,0.0299060495750523,65535,0,-NAN,$05 $00 Pixel,$03 $05 Intensity counts,$f0 $05 Error counts,$f1 $00 Status,1
122,1203,0,0,1,95A7_2019-05-02_23-19-03_000_012,SAM_8581,SPECTRUM,RAW,,,2019-05-02 23:19:03,0,0,,,,,SAMIP Control,SAMIP_50DB,No Mission,1,0,1,,DLAB_2018-04-12_13-21-41_161_456,DLAB_2018-04-13_10-50-24_513_420,5.43447486196571,1,5.25,-1.4,4096,-1,0,+INF,0,1,0.0299060495750523,65535,0,-NAN,$05 $00 Pixel,$03 $05 Intensity counts,$f0 $05 Error counts,$f1 $00 Status,1
123,1198,0,0,1,95A7_2019-05-02_23-19-03_000_012,SAM_8581,SPECTRUM,RAW,,,2019-05-02 23:19:03,0,0,,,,,SAMIP Control,SAMIP_50DB,No Mission,1,0,1,,DLAB_2018-04-12_13-21-41_161_456,DLAB_2018-04-13_10-50-24_513_420,5.43447486196571,1,5.25,-1.4,4096,-1,0,+INF,0,1,0.0299060495750523,65535,0,-NAN,$05 $00 Pixel,$03 $05 Intensity counts,$f0 $05 Error counts,$f1 $00 Status,1
124,1206,0,0,1,95A7_2019-05-02_23-19-03_000_012,SAM_8581,SPECTRUM,RAW,,,2019-05-02 23:19:03,0,0,,,,,SAMIP Control,SAMIP_50DB,No Mission,1,0,1,,DLAB_2018-04-12_13-21-41_161_456,DLAB_2018-04-13_10-50-24_513_420,5.43447486196571,1,5.25,-1.4,4096,-1,0,+INF,0,1,0.0299060495750523,65535,0,-NAN,$05 $00 Pixel,$03 $05 Intensity counts,$f0 $05 Error counts,$f1 $00 Status,1
125,1203,0,0,1,95A7_2019-05-02_23-19-03_000_012,SAM_8581,SPECTRUM,RAW,,,2019-05-02 23:19:03,0,0,,,,,SAMIP Control,SAMIP_50DB,No Mission,1,0,1,,DLAB_2018-04-12_13-21-41_161_456,DLAB_2018-04-13_10-50-24_513_420,5.43447486196571,1,5.25,-1.4,4096,-1,0,+INF,0,1,0.0299060495750523,65535,0,-NAN,$05 $00 Pixel,$03 $05 Intensity counts,$f0 $05 Error counts,$f1 $00 Status,1
126,1205,0,0,1,95A7_2019-05-02_23-19-03_000_012,SAM_8581,SPECTRUM,RAW,,,2019-05-02 23:19:03,0,0,,,,,SAMIP Control,SAMIP_50DB,No Mission,1,0,1,,DLAB_2018-04-12_13-21-41_161_456,DLAB_2018-04-13_10-50-24_513_420,5.43447486196571,1,5.25,-1.4,4096,-1,0,+INF,0,1,0.0299060495750523,65535,0,-NAN,$05 $00 Pixel,$03 $05 Intensity counts,$f0 $05 Error counts,$f1 $00 Status,1
127,1204,0,0,1,95A7_2019-05-02_23-19-03_000_012,SAM_8581,SPECTRUM,RAW,,,2019-05-02 23:19:03,0,0,,,,,SAMIP Control,SAMIP_50DB,No Mission,1,0,1,,DLAB_2018-04-12_13-21-41_161_456,DLAB_2018-04-13_10-50-24_513_420,5.43447486196571,1,5.25,-1.4,4096,-1,0,+INF,0,1,0.0299060495750523,65535,0,-NAN,$05 $00 Pixel,$03 $05 Intensity counts,$f0 $05 Error counts,$f1 $00 Status,1
128,1201,0,0,1,95A7_2019-05-02_23-19-03_000_012,SAM_8581,SPECTRUM,RAW,,,2019-05-02 23:19:03,0,0,,,,,SAMIP Control,SAMIP_50DB,No Mission,1,0,1,,DLAB_2018-04-12_13-21-41_161_456,DLAB_2018-04-13_10-50-24_513_420,5.43447486196571,1,5.25,-1.4,4096,-1,0,+INF,0,1,0.0299060495750523,65535,0,-NAN,$05 $00 Pixel,$03 $05 Intensity counts,$f0 $05 Error counts,$f1 $00 Status,1
129,1201,0,0,1,95A7_2019-05-02_23-19-03_000_012,SAM_8581,SPECTRUM,RAW,,,2019-05-02 23:19:03,0,0,,,,,SAMIP Control,SAMIP_50DB,No Mission,1,0,1,,DLAB_2018-04-12_13-21-41_161_456,DLAB_2018-04-13_10-50-24_513_420,5.43447486196571,1,5.25,-1.4,4096,-1,0,+INF,0,1,0.0299060495750523,65535,0,-NAN,$05 $00 Pixel,$03 $05 Intensity counts,$f0 $05 Error counts,$f1 $00 Status,1
130,1207,0,0,1,95A7_2019-05-02_23-19-03_000_012,SAM_8581,SPECTRUM,RAW,,,2019-05-02 23:19:03,0,0,,,,,SAMIP Control,SAMIP_50DB,No Mission,1,0,1,,DLAB_2018-04-12_13-21-41_161_456,DLAB_2018-04-13_10-50-24_513_420,5.43447486196571,1,5.25,-1.4,4096,-1,0,+INF,0,1,0.0299060495750523,65535,0,-NAN,$05 $00 Pixel,$03 $05 Intensity counts,$f0 $05 Error counts,$f1 $00 Status,1
131,1195,0,0,1,95A7_2019-05-02_23-19-03_000_012,SAM_8581,SPECTRUM,RAW,,,2019-05-02 23:19:03,0,0,,,,,SAMIP Control,SAMIP_50DB,No Mission,1,0,1,,DLAB_2018-04-12_13-21-41_161_456,DLAB_2018-04-13_10-50-24_513_420,5.43447486196571,1,5.25,-1.4,4096,-1,0,+INF,0,1,0.0299060495750523,65535,0,-NAN,$05 $00 Pixel,$03 $05 Intensity counts,$f0 $05 Error counts,$f1 $00 Status,1
132,1208,0,0,1,95A7_2019-05-02_23-19-03_000_012,SAM_8581,SPECTRUM,RAW,,,2019-05-02 23:19:03,0,0,,,,,SAMIP Control,SAMIP_50DB,No Mission,1,0,1,,DLAB_2018-04-12_13-21-41_161_456,DLAB_2018-04-13_10-50-24_513_420,5.43447486196571,1,5.25,-1.4,4096,-1,0,+INF,0,1,0.0299060495750523,65535,0,-NAN,$05 $00 Pixel,$03 $05 Intensity counts,$f0 $05 Error counts,$f1 $00 Status,1
133,1201,0,0,1,95A7_2019-05-02_23-19-03_000_012,SAM_8581,SPECTRUM,RAW,,,2019-05-02 23:19:03,0,0,,,,,SAMIP Control,SAMIP_50DB,No Mission,1,0,1,,DLAB_2018-04-12_13-21-41_161_456,DLAB_2018-04-13_10-50-24_513_420,5.43447486196571,1,5.25,-1.4,4096,-1,0,+INF,0,1,0.0299060495750523,65535,0,-NAN,$05 $00 Pixel,$03 $05 Intensity counts,$f0 $05 Error counts,$f1 $00 Status,1
134,1201,0,0,1,95A7_2019-05-02_23-19-03_000_012,SAM_8581,SPECTRUM,RAW,,,2019-05-02 23:19:03,0,0,,,,,SAMIP Control,SAMIP_50DB,No Mission,1,0,1,,DLAB_2018-04-12_13-21-41_161_456,DLAB_2018-04-13_10-50-24_513_420,5.43447486196571,1,5.25,-1.4,4096,-1,0,+INF,0,1,0.0299060495750523,65535,0,-NAN,$05 $00 Pixel,$03 $05 Intensity counts,$f0 $05 Error counts,$f1 $00 Status,1
135,1199,0,0,1,95A7_2019-05-02_23-19-03_000_012,SAM_8581,SPECTRUM,RAW,,,2019-05-02 23:19:03,0,0,,,,,SAMIP Control,SAMIP_50DB,No Mission,1,0,1,,DLAB_2018-04-12_13-21-41_161_456,DLAB_2018-04-13_10-50-24_513_420,5.43447486196571,1,5.25,-1.4,4096,-1,0,+INF,0,1,0.0299060495750523,65535,0,-NAN,$05 $00 Pixel,$03 $05 Intensity counts,$f0 $05 Error counts,$f1 $00 Status,1
136,1202,0,0,1,95A7_2019-05-02_23-19-03_000_012,SAM_8581,SPECTRUM,RAW,,,2019-05-02 23:19:03,0,0,,,,,SAMIP Control,SAMIP_50DB,No Mission,1,0,1,,DLAB_2018-04-12_13-21-41_161_456,DLAB_2018-04-13_10-50-24_513_420,5.43447486196571,1,5.25,-1.4,4096,-1,0,+INF,0,1,0.0299060495750523,65535,0,-NAN,$05 $00 Pixel,$03 $05 Intensity counts,$f0 $05 Error counts,$f1 $00 Status,1
137,1200,0,0,1,95A7_2019-05-02_23-19-03_000_012,SAM_8581,SPECTRUM,RAW,,,2019-05-02 23:19:03,0,0,,,,,SAMIP Control,SAMIP_50DB,No Mission,1,0,1,,DLAB_2018-04-12_13-21-41_161_456,DLAB_2018-04-13_10-50-24_513_420,5.43447486196571,1,5.25,-1.4,4096,-1,0,+INF,0,1,0.0299060495750523,65535,0,-NAN,$05 $00 Pixel,$03 $05 Intensity counts,$f0 $05 Error counts,$f1 $00 Status,1
138,1201,0,0,1,95A7_2019-05-02_23-19-03_000_012,SAM_8581,SPECTRUM,RAW,,,2019-05-02 23:19:03,0,0,,,,,SAMIP Control,SAMIP_50DB,No Mission,1,0,1,,DLAB_2018-04-12_13-21-41_161_456,DLAB_2018-04-13_10-50-24_513_420,5.43447486196571,1,5.25,-1.4,4096,-1,0,+INF,0,1,0.0299060495750523,65535,0,-NAN,$05 $00 Pixel,$03 $05 Intensity counts,$f0 $05 Error counts,$f1 $00 Status,1
139,1203,0,0,1,95A7_2019-05-02_23-19-03_000_012,SAM_8581,SPECTRUM,RAW,,,2019-05-02 23:19:03,0,0,,,,,SAMIP Control,SAMIP_50DB,No Mission,1,0,1,,DLAB_2018-04-12_13-21-41_161_456,DLAB_2018-04-13_10-50-24_513_420,5.43447486196571,1,5.25,-1.4,4096,-1,0,+INF,0,1,0.0299060495750523,65535,0,-NAN,$05 $00 Pixel,$03 $05 Intensity counts,$f0 $05 Error counts,$f1 $00 Status,1
140,1200,0,0,1,95A7_2019-05-02_23-19-03_000_012,SAM_8581,SPECTRUM,RAW,,,2019-05-02 23:19:03,0,0,,,,,SAMIP Control,SAMIP_50DB,No Mission,1,0,1,,DLAB_2018-04-12_13-21-41_161_456,DLAB_2018-04-13_10-50-24_513_420,5.43447486196571,1,5.25,-1.4,4096,-1,0,+INF,0,1,0.0299060495750523,65535,0,-NAN,$05 $00 Pixel,$03 $05 Intensity counts,$f0 $05 Error counts,$f1 $00 Status,1
141,1204,0,0,1,95A7_2019-05-02_23-19-03_000_012,SAM_8581,SPECTRUM,RAW,,,2019-05-02 23:19:03,0,0,,,,,SAMIP Control,SAMIP_50DB,No Mission,1,0,1,,DLAB_2018-04-12_13-21-41_161_456,DLAB_2018-04-13_10-50-24_513_420,5.43447486196571,1,5.25,-1.4,4096,-1,0,+INF,0,1,0.0299060495750523,65535,0,-NAN,$05 $00 Pixel,$03 $05 Intensity counts,$f0 $05 Error counts,$f1 $00 Status,1
142,1199,0,0,1,95A7_2019-05-02_23-19-03_000_012,SAM_8581,SPECTRUM,RAW,,,2019-05-02 23:19:03,0,0,,,,,SAMIP Control,SAMIP_50DB,No Mission,1,0,1,,DLAB_2018-04-12_13-21-41_161_456,DLAB_2018-04-13_10-50-24_513_420,5.43447486196571,1,5.25,-1.4,4096,-1,0,+INF,0,1,0.0299060495750523,65535,0,-NAN,$05 $00 Pixel,$03 $05 Intensity counts,$f0 $05 Error counts,$f1 $00 Status,1
143,1201,0,0,1,95A7_2019-05-02_23-19-03_000_012,SAM_8581,SPECTRUM,RAW,,,2019-05-02 23:19:03,0,0,,,,,SAMIP Control,SAMIP_50DB,No Mission,1,0,1,,DLAB_2018-04-12_13-21-41_161_456,DLAB_2018-04-13_10-50-24_513_420,5.43447486196571,1,5.25,-1.4,4096,-1,0,+INF,0,1,0.0299060495750523,65535,0,-NAN,$05 $00 Pixel,$03 $05 Intensity counts,$f0 $05 Error counts,$f1 $00 Status,1
144,1194,0,0,1,95A7_2019-05-02_23-19-03_000_012,SAM_8581,SPECTRUM,RAW,,,2019-05-02 23:19:03,0,0,,,,,SAMIP Control,SAMIP_50DB,No Mission,1,0,1,,DLAB_2018-04-12_13-21-41_161_456,DLAB_2018-04-13_10-50-24_513_420,5.43447486196571,1,5.25,-1.4,4096,-1,0,+INF,0,1,0.0299060495750523,65535,0,-NAN,$05 $00 Pixel,$03 $05 Intensity counts,$f0 $05 Error counts,$f1 $00 Status,1
145,1201,0,0,1,95A7_2019-05-02_23-19-03_000_012,SAM_8581,SPECTRUM,RAW,,,2019-05-02 23:19:03,0,0,,,,,SAMIP Control,SAMIP_50DB,No Mission,1,0,1,,DLAB_2018-04-12_13-21-41_161_456,DLAB_2018-04-13_10-50-24_513_420,5.43447486196571,1,5.25,-1.4,4096,-1,0,+INF,0,1,0.0299060495750523,65535,0,-NAN,$05 $00 Pixel,$03 $05 Intensity counts,$f0 $05 Error counts,$f1 $00 Status,1
146,1200,0,0,1,95A7_2019-05-02_23-19-03_000_012,SAM_8581,SPECTRUM,RAW,,,2019-05-02 23:19:03,0,0,,,,,SAMIP Control,SAMIP_50DB,No Mission,1,0,1,,DLAB_2018-04-12_13-21-41_161_456,DLAB_2018-04-13_10-50-24_513_420,5.43447486196571,1,5.25,-1.4,4096,-1,0,+INF,0,1,0.0299060495750523,65535,0,-NAN,$05 $00 Pixel,$03 $05 Intensity counts,$f0 $05 Error counts,$f1 $00 Status,1
147,1200,0,0,1,95A7_2019-05-02_23-19-03_000_012,SAM_8581,SPECTRUM,RAW,,,2019-05-02 23:19:03,0,0,,,,,SAMIP Control,SAMIP_50DB,No Mission,1,0,1,,DLAB_2018-04-12_13-21-41_161_456,DLAB_2018-04-13_10-50-24_513_420,5.43447486196571,1,5.25,-1.4,4096,-1,0,+INF,0,1,0.0299060495750523,65535,0,-NAN,$05 $00 Pixel,$03 $05 Intensity counts,$f0 $05 Error counts,$f1 $00 Status,1
148,1205,0,0,1,95A7_2019-05-02_23-19-03_000_012,SAM_8581,SPECTRUM,RAW,,,2019-05-02 23:19:03,0,0,,,,,SAMIP Control,SAMIP_50DB,No Mission,1,0,1,,DLAB_2018-04-12_13-21-41_161_456,DLAB_2018-04-13_10-50-24_513_420,5.43447486196571,1,5.25,-1.4,4096,-1,0,+INF,0,1,0.0299060495750523,65535,0,-NAN,$05 $00 Pixel,$03 $05 Intensity counts,$f0 $05 Error counts,$f1 $00 Status,1
149,1196,0,0,1,95A7_2019-05-02_23-19-03_000_012,SAM_8581,SPECTRUM,RAW,,,2019-05-02 23:19:03,0,0,,,,,SAMIP Control,SAMIP_50DB,No Mission,1,0,1,,DLAB_2018-04-12_13-21-41_161_456,DLAB_2018-04-13_10-50-24_513_420,5.43447486196571,1,5.25,-1.4,4096,-1,0,+INF,0,1,0.0299060495750523,65535,0,-NAN,$05 $00 Pixel,$03 $05 Intensity counts,$f0 $05 Error counts,$f1 $00 Status,1
150,1199,0,0,1,95A7_2019-05-02_23-19-03_000_012,SAM_8581,SPECTRUM,RAW,,,2019-05-02 23:19:03,0,0,,,,,SAMIP Control,SAMIP_50DB,No Mission,1,0,1,,DLAB_2018-04-12_13-21-41_161_456,DLAB_2018-04-13_10-50-24_513_420,5.43447486196571,1,5.25,-1.4,4096,-1,0,+INF,0,1,0.0299060495750523,65535,0,-NAN,$05 $00 Pixel,$03 $05 Intensity counts,$f0 $05 Error counts,$f1 $00 Status,1
151,1203,0,0,1,95A7_2019-05-02_23-19-03_000_012,SAM_8581,SPECTRUM,RAW,,,2019-05-02 23:19:03,0,0,,,,,SAMIP Control,SAMIP_50DB,No Mission,1,0,1,,DLAB_2018-04-12_13-21-41_161_456,DLAB_2018-04-13_10-50-24_513_420,5.43447486196571,1,5.25,-1.4,4096,-1,0,+INF,0,1,0.0299060495750523,65535,0,-NAN,$05 $00 Pixel,$03 $05 Intensity counts,$f0 $05 Error counts,$f1 $00 Status,1
152,1207,0,0,1,95A7_2019-05-02_23-19-03_000_012,SAM_8581,SPECTRUM,RAW,,,2019-05-02 23:19:03,0,0,,,,,SAMIP Control,SAMIP_50DB,No Mission,1,0,1,,DLAB_2018-04-12_13-21-41_161_456,DLAB_2018-04-13_10-50-24_513_420,5.43447486196571,1,5.25,-1.4,4096,-1,0,+INF,0,1,0.0299060495750523,65535,0,-NAN,$05 $00 Pixel,$03 $05 Intensity counts,$f0 $05 Error counts,$f1 $00 Status,1
153,1194,0,0,1,95A7_2019-05-02_23-19-03_000_012,SAM_8581,SPECTRUM,RAW,,,2019-05-02 23:19:03,0,0,,,,,SAMIP Control,SAMIP_50DB,No Mission,1,0,1,,DLAB_2018-04-12_13-21-41_161_456,DLAB_2018-04-13_10-50-24_513_420,5.43447486196571,1,5.25,-1.4,4096,-1,0,+INF,0,1,0.0299060495750523,65535,0,-NAN,$05 $00 Pixel,$03 $05 Intensity counts,$f0 $05 Error counts,$f1 $00 Status,1
154,1203,0,0,1,95A7_2019-05-02_23-19-03_000_012,SAM_8581,SPECTRUM,RAW,,,2019-05-02 23:19:03,0,0,,,,,SAMIP Control,SAMIP_50DB,No Mission,1,0,1,,DLAB_2018-04-12_13-21-41_161_456,DLAB_2018-04-13_10-50-24_513_420,5.43447486196571,1,5.25,-1.4,4096,-1,0,+INF,0,1,0.0299060495750523,65535,0,-NAN,$05 $00 Pixel,$03 $05 Intensity counts,$f0 $05 Error counts,$f1 $00 Status,1
155,1201,0,0,1,95A7_2019-05-02_23-19-03_000_012,SAM_8581,SPECTRUM,RAW,,,2019-05-02 23:19:03,0,0,,,,,SAMIP Control,SAMIP_50DB,No Mission,1,0,1,,DLAB_2018-04-12_13-21-41_161_456,DLAB_2018-04-13_10-50-24_513_420,5.43447486196571,1,5.25,-1.4,4096,-1,0,+INF,0,1,0.0299060495750523,65535,0,-NAN,$05 $00 Pixel,$03 $05 Intensity counts,$f0 $05 Error counts,$f1 $00 Status,1
156,1201,0,0,1,95A7_2019-05-02_23-19-03_000_012,SAM_8581,SPECTRUM,RAW,,,2019-05-02 23:19:03,0,0,,,,,SAMIP Control,SAMIP_50DB,No Mission,1,0,1,,DLAB_2018-04-12_13-21-41_161_456,DLAB_2018-04-13_10-50-24_513_420,5.43447486196571,1,5.25,-1.4,4096,-1,0,+INF,0,1,0.0299060495750523,65535,0,-NAN,$05 $00 Pixel,$03 $05 Intensity counts,$f0 $05 Error counts,$f1 $00 Status,1
157,1198,0,0,1,95A7_2019-05-02_23-19-03_000_012,SAM_8581,SPECTRUM,RAW,,,2019-05-02 23:19:03,0,0,,,,,SAMIP Control,SAMIP_50DB,No Mission,1,0,1,,DLAB_2018-04-12_13-21-41_161_456,DLAB_2018-04-13_10-50-24_513_420,5.43447486196571,1,5.25,-1.4,4096,-1,0,+INF,0,1,0.0299060495750523,65535,0,-NAN,$05 $00 Pixel,$03 $05 Intensity counts,$f0 $05 Error counts,$f1 $00 Status,1
158,1201,0,0,1,95A7_2019-05-02_23-19-03_000_012,SAM_8581,SPECTRUM,RAW,,,2019-05-02 23:19:03,0,0,,,,,SAMIP Control,SAMIP_50DB,No Mission,1,0,1,,DLAB_2018-04-12_13-21-41_161_456,DLAB_2018-04-13_10-50-24_513_420,5.43447486196571,1,5.25,-1.4,4096,-1,0,+INF,0,1,0.0299060495750523,65535,0,-NAN,$05 $00 Pixel,$03 $05 Intensity counts,$f0 $05 Error counts,$f1 $00 Status,1
159,1201,0,0,1,95A7_2019-05-02_23-19-03_000_012,SAM_8581,SPECTRUM,RAW,,,2019-05-02 23:19:03,0,0,,,,,SAMIP Control,SAMIP_50DB,No Mission,1,0,1,,DLAB_2018-04-12_13-21-41_161_456,DLAB_2018-04-13_10-50-24_513_420,5.43447486196571,1,5.25,-1.4,4096,-1,0,+INF,0,1,0.0299060495750523,65535,0,-NAN,$05 $00 Pixel,$03 $05 Intensity counts,$f0 $05 Error counts,$f1 $00 Status,1
160,1204,0,0,1,95A7_2019-05-02_23-19-03_000_012,SAM_8581,SPECTRUM,RAW,,,2019-05-02 23:19:03,0,0,,,,,SAMIP Control,SAMIP_50DB,No Mission,1,0,1,,DLAB_2018-04-12_13-21-41_161_456,DLAB_2018-04-13_10-50-24_513_420,5.43447486196571,1,5.25,-1.4,4096,-1,0,+INF,0,1,0.0299060495750523,65535,0,-NAN,$05 $00 Pixel,$03 $05 Intensity counts,$f0 $05 Error counts,$f1 $00 Status,1
161,1201,0,0,1,95A7_2019-05-02_23-19-03_000_012,SAM_8581,SPECTRUM,RAW,,,2019-05-02 23:19:03,0,0,,,,,SAMIP Control,SAMIP_50DB,No Mission,1,0,1,,DLAB_2018-04-12_13-21-41_161_456,DLAB_2018-04-13_10-50-24_513_420,5.43447486196571,1,5.25,-1.4,4096,-1,0,+INF,0,1,0.0299060495750523,65535,0,-NAN,$05 $00 Pixel,$03 $05 Intensity counts,$f0 $05 Error counts,$f1 $00 Status,1
162,1203,0,0,1,95A7_2019-05-02_23-19-03_000_012,SAM_8581,SPECTRUM,RAW,,,2019-05-02 23:19:03,0,0,,,,,SAMIP Control,SAMIP_50DB,No Mission,1,0,1,,DLAB_2018-04-12_13-21-41_161_456,DLAB_2018-04-13_10-50-24_513_420,5.43447486196571,1,5.25,-1.4,4096,-1,0,+INF,0,1,0.0299060495750523,65535,0,-NAN,$05 $00 Pixel,$03 $05 Intensity counts,$f0 $05 Error counts,$f1 $00 Status,1
163,1202,0,0,1,95A7_2019-05-02_23-19-03_000_012,SAM_8581,SPECTRUM,RAW,,,2019-05-02 23:19:03,0,0,,,,,SAMIP Control,SAMIP_50DB,No Mission,1,0,1,,DLAB_2018-04-12_13-21-41_161_456,DLAB_2018-04-13_10-50-24_513_420,5.43447486196571,1,5.25,-1.4,4096,-1,0,+INF,0,1,0.0299060495750523,65535,0,-NAN,$05 $00 Pixel,$03 $05 Intensity counts,$f0 $05 Error counts,$f1 $00 Status,1
164,1197,0,0,1,95A7_2019-05-02_23-19-03_000_012,SAM_8581,SPECTRUM,RAW,,,2019-05-02 23:19:03,0,0,,,,,SAMIP Control,SAMIP_50DB,No Mission,1,0,1,,DLAB_2018-04-12_13-21-41_161_456,DLAB_2018-04-13_10-50-24_513_420,5.43447486196571,1,5.25,-1.4,4096,-1,0,+INF,0,1,0.0299060495750523,65535,0,-NAN,$05 $00 Pixel,$03 $05 Intensity counts,$f0 $05 Error counts,$f1 $00 Status,1
165,1197,0,0,1,95A7_2019-05-02_23-19-03_000_012,SAM_8581,SPECTRUM,RAW,,,2019-05-02 23:19:03,0,0,,,,,SAMIP Control,SAMIP_50DB,No Mission,1,0,1,,DLAB_2018-04-12_13-21-41_161_456,DLAB_2018-04-13_10-50-24_513_420,5.43447486196571,1,5.25,-1.4,4096,-1,0,+INF,0,1,0.0299060495750523,65535,0,-NAN,$05 $00 Pixel,$03 $05 Intensity counts,$f0 $05 Error counts,$f1 $00 Status,1
166,1198,0,0,1,95A7_2019-05-02_23-19-03_000_012,SAM_8581,SPECTRUM,RAW,,,2019-05-02 23:19:03,0,0,,,,,SAMIP Control,SAMIP_50DB,No Mission,1,0,1,,DLAB_2018-04-12_13-21-41_161_456,DLAB_2018-04-13_10-50-24_513_420,5.43447486196571,1,5.25,-1.4,4096,-1,0,+INF,0,1,0.0299060495750523,65535,0,-NAN,$05 $00 Pixel,$03 $05 Intensity counts,$f0 $05 Error counts,$f1 $00 Status,1
167,1195,0,0,1,95A7_2019-05-02_23-19-03_000_012,SAM_8581,SPECTRUM,RAW,,,2019-05-02 23:19:03,0,0,,,,,SAMIP Control,SAMIP_50DB,No Mission,1,0,1,,DLAB_2018-04-12_13-21-41_161_456,DLAB_2018-04-13_10-50-24_513_420,5.43447486196571,1,5.25,-1.4,4096,-1,0,+INF,0,1,0.0299060495750523,65535,0,-NAN,$05 $00 Pixel,$03 $05 Intensity counts,$f0 $05 Error counts,$f1 $00 Status,1
168,1202,0,0,1,95A7_2019-05-02_23-19-03_000_012,SAM_8581,SPECTRUM,RAW,,,2019-05-02 23:19:03,0,0,,,,,SAMIP Control,SAMIP_50DB,No Mission,1,0,1,,DLAB_2018-04-12_13-21-41_161_456,DLAB_2018-04-13_10-50-24_513_420,5.43447486196571,1,5.25,-1.4,4096,-1,0,+INF,0,1,0.0299060495750523,65535,0,-NAN,$05 $00 Pixel,$03 $05 Intensity counts,$f0 $05 Error counts,$f1 $00 Status,1
169,1191,0,0,1,95A7_2019-05-02_23-19-03_000_012,SAM_8581,SPECTRUM,RAW,,,2019-05-02 23:19:03,0,0,,,,,SAMIP Control,SAMIP_50DB,No Mission,1,0,1,,DLAB_2018-04-12_13-21-41_161_456,DLAB_2018-04-13_10-50-24_513_420,5.43447486196571,1,5.25,-1.4,4096,-1,0,+INF,0,1,0.0299060495750523,65535,0,-NAN,$05 $00 Pixel,$03 $05 Intensity counts,$f0 $05 Error counts,$f1 $00 Status,1
170,1204,0,0,1,95A7_2019-05-02_23-19-03_000_012,SAM_8581,SPECTRUM,RAW,,,2019-05-02 23:19:03,0,0,,,,,SAMIP Control,SAMIP_50DB,No Mission,1,0,1,,DLAB_2018-04-12_13-21-41_161_456,DLAB_2018-04-13_10-50-24_513_420,5.43447486196571,1,5.25,-1.4,4096,-1,0,+INF,0,1,0.0299060495750523,65535,0,-NAN,$05 $00 Pixel,$03 $05 Intensity counts,$f0 $05 Error counts,$f1 $00 Status,1
171,1198,0,0,1,95A7_2019-05-02_23-19-03_000_012,SAM_8581,SPECTRUM,RAW,,,2019-05-02 23:19:03,0,0,,,,,SAMIP Control,SAMIP_50DB,No Mission,1,0,1,,DLAB_2018-04-12_13-21-41_161_456,DLAB_2018-04-13_10-50-24_513_420,5.43447486196571,1,5.25,-1.4,4096,-1,0,+INF,0,1,0.0299060495750523,65535,0,-NAN,$05 $00 Pixel,$03 $05 Intensity counts,$f0 $05 Error counts,$f1 $00 Status,1
172,1199,0,0,1,95A7_2019-05-02_23-19-03_000_012,SAM_8581,SPECTRUM,RAW,,,2019-05-02 23:19:03,0,0,,,,,SAMIP Control,SAMIP_50DB,No Mission,1,0,1,,DLAB_2018-04-12_13-21-41_161_456,DLAB_2018-04-13_10-50-24_513_420,5.43447486196571,1,5.25,-1.4,4096,-1,0,+INF,0,1,0.0299060495750523,65535,0,-NAN,$05 $00 Pixel,$03 $05 Intensity counts,$f0 $05 Error counts,$f1 $00 Status,1
173,1197,0,0,1,95A7_2019-05-02_23-19-03_000_012,SAM_8581,SPECTRUM,RAW,,,2019-05-02 23:19:03,0,0,,,,,SAMIP Control,SAMIP_50DB,No Mission,1,0,1,,DLAB_2018-04-12_13-21-41_161_456,DLAB_2018-04-13_10-50-24_513_420,5.43447486196571,1,5.25,-1.4,4096,-1,0,+INF,0,1,0.0299060495750523,65535,0,-NAN,$05 $00 Pixel,$03 $05 Intensity counts,$f0 $05 Error counts,$f1 $00 Status,1
174,1201,0,0,1,95A7_2019-05-02_23-19-03_000_012,SAM_8581,SPECTRUM,RAW,,,2019-05-02 23:19:03,0,0,,,,,SAMIP Control,SAMIP_50DB,No Mission,1,0,1,,DLAB_2018-04-12_13-21-41_161_456,DLAB_2018-04-13_10-50-24_513_420,5.43447486196571,1,5.25,-1.4,4096,-1,0,+INF,0,1,0.0299060495750523,65535,0,-NAN,$05 $00 Pixel,$03 $05 Intensity counts,$f0 $05 Error counts,$f1 $00 Status,1
175,1190,0,0,1,95A7_2019-05-02_23-19-03_000_012,SAM_8581,SPECTRUM,RAW,,,2019-05-02 23:19:03,0,0,,,,,SAMIP Control,SAMIP_50DB,No Mission,1,0,1,,DLAB_2018-04-12_13-21-41_161_456,DLAB_2018-04-13_10-50-24_513_420,5.43447486196571,1,5.25,-1.4,4096,-1,0,+INF,0,1,0.0299060495750523,65535,0,-NAN,$05 $00 Pixel,$03 $05 Intensity counts,$f0 $05 Error counts,$f1 $00 Status,1
176,1198,0,0,1,95A7_2019-05-02_23-19-03_000_012,SAM_8581,SPECTRUM,RAW,,,2019-05-02 23:19:03,0,0,,,,,SAMIP Control,SAMIP_50DB,No Mission,1,0,1,,DLAB_2018-04-12_13-21-41_161_456,DLAB_2018-04-13_10-50-24_513_420,5.43447486196571,1,5.25,-1.4,4096,-1,0,+INF,0,1,0.0299060495750523,65535,0,-NAN,$05 $00 Pixel,$03 $05 Intensity counts,$f0 $05 Error counts,$f1 $00 Status,1
177,1201,0,0,1,95A7_2019-05-02_23-19-03_000_012,SAM_8581,SPECTRUM,RAW,,,2019-05-02 23:19:03,0,0,,,,,SAMIP Control,SAMIP_50DB,No Mission,1,0,1,,DLAB_2018-04-12_13-21-41_161_456,DLAB_2018-04-13_10-50-24_513_420,5.43447486196571,1,5.25,-1.4,4096,-1,0,+INF,0,1,0.0299060495750523,65535,0,-NAN,$05 $00 Pixel,$03 $05 Intensity counts,$f0 $05 Error counts,$f1 $00 Status,1
178,1198,0,0,1,95A7_2019-05-02_23-19-03_000_012,SAM_8581,SPECTRUM,RAW,,,2019-05-02 23:19:03,0,0,,,,,SAMIP Control,SAMIP_50DB,No Mission,1,0,1,,DLAB_2018-04-12_13-21-41_161_456,DLAB_2018-04-13_10-50-24_513_420,5.43447486196571,1,5.25,-1.4,4096,-1,0,+INF,0,1,0.0299060495750523,65535,0,-NAN,$05 $00 Pixel,$03 $05 Intensity counts,$f0 $05 Error counts,$f1 $00 Status,1
179,1198,0,0,1,95A7_2019-05-02_23-19-03_000_012,SAM_8581,SPECTRUM,RAW,,,2019-05-02 23:19:03,0,0,,,,,SAMIP Control,SAMIP_50DB,No Mission,1,0,1,,DLAB_2018-04-12_13-21-41_161_456,DLAB_2018-04-13_10-50-24_513_420,5.43447486196571,1,5.25,-1.4,4096,-1,0,+INF,0,1,0.0299060495750523,65535,0,-NAN,$05 $00 Pixel,$03 $05 Intensity counts,$f0 $05 Error counts,$f1 $00 Status,1
180,1196,0,0,1,95A7_2019-05-02_23-19-03_000_012,SAM_8581,SPECTRUM,RAW,,,2019-05-02 23:19:03,0,0,,,,,SAMIP Control,SAMIP_50DB,No Mission,1,0,1,,DLAB_2018-04-12_13-21-41_161_456,DLAB_2018-04-13_10-50-24_513_420,5.43447486196571,1,5.25,-1.4,4096,-1,0,+INF,0,1,0.0299060495750523,65535,0,-NAN,$05 $00 Pixel,$03 $05 Intensity counts,$f0 $05 Error counts,$f1 $00 Status,1
181,1194,0,0,1,95A7_2019-05-02_23-19-03_000_012,SAM_8581,SPECTRUM,RAW,,,2019-05-02 23:19:03,0,0,,,,,SAMIP Control,SAMIP_50DB,No Mission,1,0,1,,DLAB_2018-04-12_13-21-41_161_456,DLAB_2018-04-13_10-50-24_513_420,5.43447486196571,1,5.25,-1.4,4096,-1,0,+INF,0,1,0.0299060495750523,65535,0,-NAN,$05 $00 Pixel,$03 $05 Intensity counts,$f0 $05 Error counts,$f1 $00 Status,1
182,1199,0,0,1,95A7_2019-05-02_23-19-03_000_012,SAM_8581,SPECTRUM,RAW,,,2019-05-02 23:19:03,0,0,,,,,SAMIP Control,SAMIP_50DB,No Mission,1,0,1,,DLAB_2018-04-12_13-21-41_161_456,DLAB_2018-04-13_10-50-24_513_420,5.43447486196571,1,5.25,-1.4,4096,-1,0,+INF,0,1,0.0299060495750523,65535,0,-NAN,$05 $00 Pixel,$03 $05 Intensity counts,$f0 $05 Error counts,$f1 $00 Status,1
183,1197,0,0,1,95A7_2019-05-02_23-19-03_000_012,SAM_8581,SPECTRUM,RAW,,,2019-05-02 23:19:03,0,0,,,,,SAMIP Control,SAMIP_50DB,No Mission,1,0,1,,DLAB_2018-04-12_13-21-41_161_456,DLAB_2018-04-13_10-50-24_513_420,5.43447486196571,1,5.25,-1.4,4096,-1,0,+INF,0,1,0.0299060495750523,65535,0,-NAN,$05 $00 Pixel,$03 $05 Intensity counts,$f0 $05 Error counts,$f1 $00 Status,1
184,1201,0,0,1,95A7_2019-05-02_23-19-03_000_012,SAM_8581,SPECTRUM,RAW,,,2019-05-02 23:19:03,0,0,,,,,SAMIP Control,SAMIP_50DB,No Mission,1,0,1,,DLAB_2018-04-12_13-21-41_161_456,DLAB_2018-04-13_10-50-24_513_420,5.43447486196571,1,5.25,-1.4,4096,-1,0,+INF,0,1,0.0299060495750523,65535,0,-NAN,$05 $00 Pixel,$03 $05 Intensity counts,$f0 $05 Error counts,$f1 $00 Status,1
185,1200,0,0,1,95A7_2019-05-02_23-19-03_000_012,SAM_8581,SPECTRUM,RAW,,,2019-05-02 23:19:03,0,0,,,,,SAMIP Control,SAMIP_50DB,No Mission,1,0,1,,DLAB_2018-04-12_13-21-41_161_456,DLAB_2018-04-13_10-50-24_513_420,5.43447486196571,1,5.25,-1.4,4096,-1,0,+INF,0,1,0.0299060495750523,65535,0,-NAN,$05 $00 Pixel,$03 $05 Intensity counts,$f0 $05 Error counts,$f1 $00 Status,1
186,1193,0,0,1,95A7_2019-05-02_23-19-03_000_012,SAM_8581,SPECTRUM,RAW,,,2019-05-02 23:19:03,0,0,,,,,SAMIP Control,SAMIP_50DB,No Mission,1,0,1,,DLAB_2018-04-12_13-21-41_161_456,DLAB_2018-04-13_10-50-24_513_420,5.43447486196571,1,5.25,-1.4,4096,-1,0,+INF,0,1,0.0299060495750523,65535,0,-NAN,$05 $00 Pixel,$03 $05 Intensity counts,$f0 $05 Error counts,$f1 $00 Status,1
187,1197,0,0,1,95A7_2019-05-02_23-19-03_000_012,SAM_8581,SPECTRUM,RAW,,,2019-05-02 23:19:03,0,0,,,,,SAMIP Control,SAMIP_50DB,No Mission,1,0,1,,DLAB_2018-04-12_13-21-41_161_456,DLAB_2018-04-13_10-50-24_513_420,5.43447486196571,1,5.25,-1.4,4096,-1,0,+INF,0,1,0.0299060495750523,65535,0,-NAN,$05 $00 Pixel,$03 $05 Intensity counts,$f0 $05 Error counts,$f1 $00 Status,1
188,1201,0,0,1,95A7_2019-05-02_23-19-03_000_012,SAM_8581,SPECTRUM,RAW,,,2019-05-02 23:19:03,0,0,,,,,SAMIP Control,SAMIP_50DB,No Mission,1,0,1,,DLAB_2018-04-12_13-21-41_161_456,DLAB_2018-04-13_10-50-24_513_420,5.43447486196571,1,5.25,-1.4,4096,-1,0,+INF,0,1,0.0299060495750523,65535,0,-NAN,$05 $00 Pixel,$03 $05 Intensity counts,$f0 $05 Error counts,$f1 $00 Status,1
189,1201,0,0,1,95A7_2019-05-02_23-19-03_000_012,SAM_8581,SPECTRUM,RAW,,,2019-05-02 23:19:03,0,0,,,,,SAMIP Control,SAMIP_50DB,No Mission,1,0,1,,DLAB_2018-04-12_13-21-41_161_456,DLAB_2018-04-13_10-50-24_513_420,5.43447486196571,1,5.25,-1.4,4096,-1,0,+INF,0,1,0.0299060495750523,65535,0,-NAN,$05 $00 Pixel,$03 $05 Intensity counts,$f0 $05 Error counts,$f1 $00 Status,1
190,1199,0,0,1,95A7_2019-05-02_23-19-03_000_012,SAM_8581,SPECTRUM,RAW,,,2019-05-02 23:19:03,0,0,,,,,SAMIP Control,SAMIP_50DB,No Mission,1,0,1,,DLAB_2018-04-12_13-21-41_161_456,DLAB_2018-04-13_10-50-24_513_420,5.43447486196571,1,5.25,-1.4,4096,-1,0,+INF,0,1,0.0299060495750523,65535,0,-NAN,$05 $00 Pixel,$03 $05 Intensity counts,$f0 $05 Error counts,$f1 $00 Status,1
191,1192,0,0,1,95A7_2019-05-02_23-19-03_000_012,SAM_8581,SPECTRUM,RAW,,,2019-05-02 23:19:03,0,0,,,,,SAMIP Control,SAMIP_50DB,No Mission,1,0,1,,DLAB_2018-04-12_13-21-41_161_456,DLAB_2018-04-13_10-50-24_513_420,5.43447486196571,1,5.25,-1.4,4096,-1,0,+INF,0,1,0.0299060495750523,65535,0,-NAN,$05 $00 Pixel,$03 $05 Intensity counts,$f0 $05 Error counts,$f1 $00 Status,1
192,1193,0,0,1,95A7_2019-05-02_23-19-03_000_012,SAM_8581,SPECTRUM,RAW,,,2019-05-02 23:19:03,0,0,,,,,SAMIP Control,SAMIP_50DB,No Mission,1,0,1,,DLAB_2018-04-12_13-21-41_161_456,DLAB_2018-04-13_10-50-24_513_420,5.43447486196571,1,5.25,-1.4,4096,-1,0,+INF,0,1,0.0299060495750523,65535,0,-NAN,$05 $00 Pixel,$03 $05 Intensity counts,$f0 $05 Error counts,$f1 $00 Status,1
193,1198,0,0,1,95A7_2019-05-02_23-19-03_000_012,SAM_8581,SPECTRUM,RAW,,,2019-05-02 23:19:03,0,0,,,,,SAMIP Control,SAMIP_50DB,No Mission,1,0,1,,DLAB_2018-04-12_13-21-41_161_456,DLAB_2018-04-13_10-50-24_513_420,5.43447486196571,1,5.25,-1.4,4096,-1,0,+INF,0,1,0.0299060495750523,65535,0,-NAN,$05 $00 Pixel,$03 $05 Intensity counts,$f0 $05 Error counts,$f1 $00 Status,1
194,1195,0,0,1,95A7_2019-05-02_23-19-03_000_012,SAM_8581,SPECTRUM,RAW,,,2019-05-02 23:19:03,0,0,,,,,SAMIP Control,SAMIP_50DB,No Mission,1,0,1,,DLAB_2018-04-12_13-21-41_161_456,DLAB_2018-04-13_10-50-24_513_420,5.43447486196571,1,5.25,-1.4,4096,-1,0,+INF,0,1,0.0299060495750523,65535,0,-NAN,$05 $00 Pixel,$03 $05 Intensity counts,$f0 $05 Error counts,$f1 $00 Status,1
195,1198,0,0,1,95A7_2019-05-02_23-19-03_000_012,SAM_8581,SPECTRUM,RAW,,,2019-05-02 23:19:03,0,0,,,,,SAMIP Control,SAMIP_50DB,No Mission,1,0,1,,DLAB_2018-04-12_13-21-41_161_456,DLAB_2018-04-13_10-50-24_513_420,5.43447486196571,1,5.25,-1.4,4096,-1,0,+INF,0,1,0.0299060495750523,65535,0,-NAN,$05 $00 Pixel,$03 $05 Intensity counts,$f0 $05 Error counts,$f1 $00 Status,1
196,1197,0,0,1,95A7_2019-05-02_23-19-03_000_012,SAM_8581,SPECTRUM,RAW,,,2019-05-02 23:19:03,0,0,,,,,SAMIP Control,SAMIP_50DB,No Mission,1,0,1,,DLAB_2018-04-12_13-21-41_161_456,DLAB_2018-04-13_10-50-24_513_420,5.43447486196571,1,5.25,-1.4,4096,-1,0,+INF,0,1,0.0299060495750523,65535,0,-NAN,$05 $00 Pixel,$03 $05 Intensity counts,$f0 $05 Error counts,$f1 $00 Status,1
197,1199,0,0,1,95A7_2019-05-02_23-19-03_000_012,SAM_8581,SPECTRUM,RAW,,,2019-05-02 23:19:03,0,0,,,,,SAMIP Control,SAMIP_50DB,No Mission,1,0,1,,DLAB_2018-04-12_13-21-41_161_456,DLAB_2018-04-13_10-50-24_513_420,5.43447486196571,1,5.25,-1.4,4096,-1,0,+INF,0,1,0.0299060495750523,65535,0,-NAN,$05 $00 Pixel,$03 $05 Intensity counts,$f0 $05 Error counts,$f1 $00 Status,1
198,1196,0,0,1,95A7_2019-05-02_23-19-03_000_012,SAM_8581,SPECTRUM,RAW,,,2019-05-02 23:19:03,0,0,,,,,SAMIP Control,SAMIP_50DB,No Mission,1,0,1,,DLAB_2018-04-12_13-21-41_161_456,DLAB_2018-04-13_10-50-24_513_420,5.43447486196571,1,5.25,-1.4,4096,-1,0,+INF,0,1,0.0299060495750523,65535,0,-NAN,$05 $00 Pixel,$03 $05 Intensity counts,$f0 $05 Error counts,$f1 $00 Status,1
199,1198,0,0,1,95A7_2019-05-02_23-19-03_000_012,SAM_8581,SPECTRUM,RAW,,,2019-05-02 23:19:03,0,0,,,,,SAMIP Control,SAMIP_50DB,No Mission,1,0,1,,DLAB_2018-04-12_13-21-41_161_456,DLAB_2018-04-13_10-50-24_513_420,5.43447486196571,1,5.25,-1.4,4096,-1,0,+INF,0,1,0.0299060495750523,65535,0,-NAN,$05 $00 Pixel,$03 $05 Intensity counts,$f0 $05 Error counts,$f1 $00 Status,1
200,1199,0,0,1,95A7_2019-05-02_23-19-03_000_012,SAM_8581,SPECTRUM,RAW,,,2019-05-02 23:19:03,0,0,,,,,SAMIP Control,SAMIP_50DB,No Mission,1,0,1,,DLAB_2018-04-12_13-21-41_161_456,DLAB_2018-04-13_10-50-24_513_420,5.43447486196571,1,5.25,-1.4,4096,-1,0,+INF,0,1,0.0299060495750523,65535,0,-NAN,$05 $00 Pixel,$03 $05 Intensity counts,$f0 $05 Error counts,$f1 $00 Status,1
201,1192,0,0,1,95A7_2019-05-02_23-19-03_000_012,SAM_8581,SPECTRUM,RAW,,,2019-05-02 23:19:03,0,0,,,,,SAMIP Control,SAMIP_50DB,No Mission,1,0,1,,DLAB_2018-04-12_13-21-41_161_456,DLAB_2018-04-13_10-50-24_513_420,5.43447486196571,1,5.25,-1.4,4096,-1,0,+INF,0,1,0.0299060495750523,65535,0,-NAN,$05 $00 Pixel,$03 $05 Intensity counts,$f0 $05 Error counts,$f1 $00 Status,1
202,1202,0,0,1,95A7_2019-05-02_23-19-03_000_012,SAM_8581,SPECTRUM,RAW,,,2019-05-02 23:19:03,0,0,,,,,SAMIP Control,SAMIP_50DB,No Mission,1,0,1,,DLAB_2018-04-12_13-21-41_161_456,DLAB_2018-04-13_10-50-24_513_420,5.43447486196571,1,5.25,-1.4,4096,-1,0,+INF,0,1,0.0299060495750523,65535,0,-NAN,$05 $00 Pixel,$03 $05 Intensity counts,$f0 $05 Error counts,$f1 $00 Status,1
203,1193,0,0,1,95A7_2019-05-02_23-19-03_000_012,SAM_8581,SPECTRUM,RAW,,,2019-05-02 23:19:03,0,0,,,,,SAMIP Control,SAMIP_50DB,No Mission,1,0,1,,DLAB_2018-04-12_13-21-41_161_456,DLAB_2018-04-13_10-50-24_513_420,5.43447486196571,1,5.25,-1.4,4096,-1,0,+INF,0,1,0.0299060495750523,65535,0,-NAN,$05 $00 Pixel,$03 $05 Intensity counts,$f0 $05 Error counts,$f1 $00 Status,1
204,1200,0,0,1,95A7_2019-05-02_23-19-03_000_012,SAM_8581,SPECTRUM,RAW,,,2019-05-02 23:19:03,0,0,,,,,SAMIP Control,SAMIP_50DB,No Mission,1,0,1,,DLAB_2018-04-12_13-21-41_161_456,DLAB_2018-04-13_10-50-24_513_420,5.43447486196571,1,5.25,-1.4,4096,-1,0,+INF,0,1,0.0299060495750523,65535,0,-NAN,$05 $00 Pixel,$03 $05 Intensity counts,$f0 $05 Error counts,$f1 $00 Status,1
205,1197,0,0,1,95A7_2019-05-02_23-19-03_000_012,SAM_8581,SPECTRUM,RAW,,,2019-05-02 23:19:03,0,0,,,,,SAMIP Control,SAMIP_50DB,No Mission,1,0,1,,DLAB_2018-04-12_13-21-41_161_456,DLAB_2018-04-13_10-50-24_513_420,5.43447486196571,1,5.25,-1.4,4096,-1,0,+INF,0,1,0.0299060495750523,65535,0,-NAN,$05 $00 Pixel,$03 $05 Intensity counts,$f0 $05 Error counts,$f1 $00 Status,1
206,1200,0,0,1,95A7_2019-05-02_23-19-03_000_012,SAM_8581,SPECTRUM,RAW,,,2019-05-02 23:19:03,0,0,,,,,SAMIP Control,SAMIP_50DB,No Mission,1,0,1,,DLAB_2018-04-12_13-21-41_161_456,DLAB_2018-04-13_10-50-24_513_420,5.43447486196571,1,5.25,-1.4,4096,-1,0,+INF,0,1,0.0299060495750523,65535,0,-NAN,$05 $00 Pixel,$03 $05 Intensity counts,$f0 $05 Error counts,$f1 $00 Status,1
207,1192,0,0,1,95A7_2019-05-02_23-19-03_000_012,SAM_8581,SPECTRUM,RAW,,,2019-05-02 23:19:03,0,0,,,,,SAMIP Control,SAMIP_50DB,No Mission,1,0,1,,DLAB_2018-04-12_13-21-41_161_456,DLAB_2018-04-13_10-50-24_513_420,5.43447486196571,1,5.25,-1.4,4096,-1,0,+INF,0,1,0.0299060495750523,65535,0,-NAN,$05 $00 Pixel,$03 $05 Intensity counts,$f0 $05 Error counts,$f1 $00 Status,1
208,1192,0,0,1,95A7_2019-05-02_23-19-03_000_012,SAM_8581,SPECTRUM,RAW,,,2019-05-02 23:19:03,0,0,,,,,SAMIP Control,SAMIP_50DB,No Mission,1,0,1,,DLAB_2018-04-12_13-21-41_161_456,DLAB_2018-04-13_10-50-24_513_420,5.43447486196571,1,5.25,-1.4,4096,-1,0,+INF,0,1,0.0299060495750523,65535,0,-NAN,$05 $00 Pixel,$03 $05 Intensity counts,$f0 $05 Error counts,$f1 $00 Status,1
209,1198,0,0,1,95A7_2019-05-02_23-19-03_000_012,SAM_8581,SPECTRUM,RAW,,,2019-05-02 23:19:03,0,0,,,,,SAMIP Control,SAMIP_50DB,No Mission,1,0,1,,DLAB_2018-04-12_13-21-41_161_456,DLAB_2018-04-13_10-50-24_513_420,5.43447486196571,1,5.25,-1.4,4096,-1,0,+INF,0,1,0.0299060495750523,65535,0,-NAN,$05 $00 Pixel,$03 $05 Intensity counts,$f0 $05 Error counts,$f1 $00 Status,1
210,1195,0,0,1,95A7_2019-05-02_23-19-03_000_012,SAM_8581,SPECTRUM,RAW,,,2019-05-02 23:19:03,0,0,,,,,SAMIP Control,SAMIP_50DB,No Mission,1,0,1,,DLAB_2018-04-12_13-21-41_161_456,DLAB_2018-04-13_10-50-24_513_420,5.43447486196571,1,5.25,-1.4,4096,-1,0,+INF,0,1,0.0299060495750523,65535,0,-NAN,$05 $00 Pixel,$03 $05 Intensity counts,$f0 $05 Error counts,$f1 $00 Status,1
211,1192,0,0,1,95A7_2019-05-02_23-19-03_000_012,SAM_8581,SPECTRUM,RAW,,,2019-05-02 23:19:03,0,0,,,,,SAMIP Control,SAMIP_50DB,No Mission,1,0,1,,DLAB_2018-04-12_13-21-41_161_456,DLAB_2018-04-13_10-50-24_513_420,5.43447486196571,1,5.25,-1.4,4096,-1,0,+INF,0,1,0.0299060495750523,65535,0,-NAN,$05 $00 Pixel,$03 $05 Intensity counts,$f0 $05 Error counts,$f1 $00 Status,1
212,1193,0,0,1,95A7_2019-05-02_23-19-03_000_012,SAM_8581,SPECTRUM,RAW,,,2019-05-02 23:19:03,0,0,,,,,SAMIP Control,SAMIP_50DB,No Mission,1,0,1,,DLAB_2018-04-12_13-21-41_161_456,DLAB_2018-04-13_10-50-24_513_420,5.43447486196571,1,5.25,-1.4,4096,-1,0,+INF,0,1,0.0299060495750523,65535,0,-NAN,$05 $00 Pixel,$03 $05 Intensity counts,$f0 $05 Error counts,$f1 $00 Status,1
213,1201,0,0,1,95A7_2019-05-02_23-19-03_000_012,SAM_8581,SPECTRUM,RAW,,,2019-05-02 23:19:03,0,0,,,,,SAMIP Control,SAMIP_50DB,No Mission,1,0,1,,DLAB_2018-04-12_13-21-41_161_456,DLAB_2018-04-13_10-50-24_513_420,5.43447486196571,1,5.25,-1.4,4096,-1,0,+INF,0,1,0.0299060495750523,65535,0,-NAN,$05 $00 Pixel,$03 $05 Intensity counts,$f0 $05 Error counts,$f1 $00 Status,1
214,1201,0,0,1,95A7_2019-05-02_23-19-03_000_012,SAM_8581,SPECTRUM,RAW,,,2019-05-02 23:19:03,0,0,,,,,SAMIP Control,SAMIP_50DB,No Mission,1,0,1,,DLAB_2018-04-12_13-21-41_161_456,DLAB_2018-04-13_10-50-24_513_420,5.43447486196571,1,5.25,-1.4,4096,-1,0,+INF,0,1,0.0299060495750523,65535,0,-NAN,$05 $00 Pixel,$03 $05 Intensity counts,$f0 $05 Error counts,$f1 $00 Status,1
215,1192,0,0,1,95A7_2019-05-02_23-19-03_000_012,SAM_8581,SPECTRUM,RAW,,,2019-05-02 23:19:03,0,0,,,,,SAMIP Control,SAMIP_50DB,No Mission,1,0,1,,DLAB_2018-04-12_13-21-41_161_456,DLAB_2018-04-13_10-50-24_513_420,5.43447486196571,1,5.25,-1.4,4096,-1,0,+INF,0,1,0.0299060495750523,65535,0,-NAN,$05 $00 Pixel,$03 $05 Intensity counts,$f0 $05 Error counts,$f1 $00 Status,1
216,1196,0,0,1,95A7_2019-05-02_23-19-03_000_012,SAM_8581,SPECTRUM,RAW,,,2019-05-02 23:19:03,0,0,,,,,SAMIP Control,SAMIP_50DB,No Mission,1,0,1,,DLAB_2018-04-12_13-21-41_161_456,DLAB_2018-04-13_10-50-24_513_420,5.43447486196571,1,5.25,-1.4,4096,-1,0,+INF,0,1,0.0299060495750523,65535,0,-NAN,$05 $00 Pixel,$03 $05 Intensity counts,$f0 $05 Error counts,$f1 $00 Status,1
217,1197,0,0,1,95A7_2019-05-02_23-19-03_000_012,SAM_8581,SPECTRUM,RAW,,,2019-05-02 23:19:03,0,0,,,,,SAMIP Control,SAMIP_50DB,No Mission,1,0,1,,DLAB_2018-04-12_13-21-41_161_456,DLAB_2018-04-13_10-50-24_513_420,5.43447486196571,1,5.25,-1.4,4096,-1,0,+INF,0,1,0.0299060495750523,65535,0,-NAN,$05 $00 Pixel,$03 $05 Intensity counts,$f0 $05 Error counts,$f1 $00 Status,1
218,1195,0,0,1,95A7_2019-05-02_23-19-03_000_012,SAM_8581,SPECTRUM,RAW,,,2019-05-02 23:19:03,0,0,,,,,SAMIP Control,SAMIP_50DB,No Mission,1,0,1,,DLAB_2018-04-12_13-21-41_161_456,DLAB_2018-04-13_10-50-24_513_420,5.43447486196571,1,5.25,-1.4,4096,-1,0,+INF,0,1,0.0299060495750523,65535,0,-NAN,$05 $00 Pixel,$03 $05 Intensity counts,$f0 $05 Error counts,$f1 $00 Status,1
219,1200,0,0,1,95A7_2019-05-02_23-19-03_000_012,SAM_8581,SPECTRUM,RAW,,,2019-05-02 23:19:03,0,0,,,,,SAMIP Control,SAMIP_50DB,No Mission,1,0,1,,DLAB_2018-04-12_13-21-41_161_456,DLAB_2018-04-13_10-50-24_513_420,5.43447486196571,1,5.25,-1.4,4096,-1,0,+INF,0,1,0.0299060495750523,65535,0,-NAN,$05 $00 Pixel,$03 $05 Intensity counts,$f0 $05 Error counts,$f1 $00 Status,1
220,1197,0,0,1,95A7_2019-05-02_23-19-03_000_012,SAM_8581,SPECTRUM,RAW,,,2019-05-02 23:19:03,0,0,,,,,SAMIP Control,SAMIP_50DB,No Mission,1,0,1,,DLAB_2018-04-12_13-21-41_161_456,DLAB_2018-04-13_10-50-24_513_420,5.43447486196571,1,5.25,-1.4,4096,-1,0,+INF,0,1,0.0299060495750523,65535,0,-NAN,$05 $00 Pixel,$03 $05 Intensity counts,$f0 $05 Error counts,$f1 $00 Status,1
221,1195,0,0,1,95A7_2019-05-02_23-19-03_000_012,SAM_8581,SPECTRUM,RAW,,,2019-05-02 23:19:03,0,0,,,,,SAMIP Control,SAMIP_50DB,No Mission,1,0,1,,DLAB_2018-04-12_13-21-41_161_456,DLAB_2018-04-13_10-50-24_513_420,5.43447486196571,1,5.25,-1.4,4096,-1,0,+INF,0,1,0.0299060495750523,65535,0,-NAN,$05 $00 Pixel,$03 $05 Intensity counts,$f0 $05 Error counts,$f1 $00 Status,1
222,1200,0,0,1,95A7_2019-05-02_23-19-03_000_012,SAM_8581,SPECTRUM,RAW,,,2019-05-02 23:19:03,0,0,,,,,SAMIP Control,SAMIP_50DB,No Mission,1,0,1,,DLAB_2018-04-12_13-21-41_161_456,DLAB_2018-04-13_10-50-24_513_420,5.43447486196571,1,5.25,-1.4,4096,-1,0,+INF,0,1,0.0299060495750523,65535,0,-NAN,$05 $00 Pixel,$03 $05 Intensity counts,$f0 $05 Error counts,$f1 $00 Status,1
223,1198,0,0,1,95A7_2019-05-02_23-19-03_000_012,SAM_8581,SPECTRUM,RAW,,,2019-05-02 23:19:03,0,0,,,,,SAMIP Control,SAMIP_50DB,No Mission,1,0,1,,DLAB_2018-04-12_13-21-41_161_456,DLAB_2018-04-13_10-50-24_513_420,5.43447486196571,1,5.25,-1.4,4096,-1,0,+INF,0,1,0.0299060495750523,65535,0,-NAN,$05 $00 Pixel,$03 $05 Intensity counts,$f0 $05 Error counts,$f1 $00 Status,1
224,1200,0,0,1,95A7_2019-05-02_23-19-03_000_012,SAM_8581,SPECTRUM,RAW,,,2019-05-02 23:19:03,0,0,,,,,SAMIP Control,SAMIP_50DB,No Mission,1,0,1,,DLAB_2018-04-12_13-21-41_161_456,DLAB_2018-04-13_10-50-24_513_420,5.43447486196571,1,5.25,-1.4,4096,-1,0,+INF,0,1,0.0299060495750523,65535,0,-NAN,$05 $00 Pixel,$03 $05 Intensity counts,$f0 $05 Error counts,$f1 $00 Status,1
225,1191,0,0,1,95A7_2019-05-02_23-19-03_000_012,SAM_8581,SPECTRUM,RAW,,,2019-05-02 23:19:03,0,0,,,,,SAMIP Control,SAMIP_50DB,No Mission,1,0,1,,DLAB_2018-04-12_13-21-41_161_456,DLAB_2018-04-13_10-50-24_513_420,5.43447486196571,1,5.25,-1.4,4096,-1,0,+INF,0,1,0.0299060495750523,65535,0,-NAN,$05 $00 Pixel,$03 $05 Intensity counts,$f0 $05 Error counts,$f1 $00 Status,1
226,1198,0,0,1,95A7_2019-05-02_23-19-03_000_012,SAM_8581,SPECTRUM,RAW,,,2019-05-02 23:19:03,0,0,,,,,SAMIP Control,SAMIP_50DB,No Mission,1,0,1,,DLAB_2018-04-12_13-21-41_161_456,DLAB_2018-04-13_10-50-24_513_420,5.43447486196571,1,5.25,-1.4,4096,-1,0,+INF,0,1,0.0299060495750523,65535,0,-NAN,$05 $00 Pixel,$03 $05 Intensity counts,$f0 $05 Error counts,$f1 $00 Status,1
227,1196,0,0,1,95A7_2019-05-02_23-19-03_000_012,SAM_8581,SPECTRUM,RAW,,,2019-05-02 23:19:03,0,0,,,,,SAMIP Control,SAMIP_50DB,No Mission,1,0,1,,DLAB_2018-04-12_13-21-41_161_456,DLAB_2018-04-13_10-50-24_513_420,5.43447486196571,1,5.25,-1.4,4096,-1,0,+INF,0,1,0.0299060495750523,65535,0,-NAN,$05 $00 Pixel,$03 $05 Intensity counts,$f0 $05 Error counts,$f1 $00 Status,1
228,1195,0,0,1,95A7_2019-05-02_23-19-03_000_012,SAM_8581,SPECTRUM,RAW,,,2019-05-02 23:19:03,0,0,,,,,SAMIP Control,SAMIP_50DB,No Mission,1,0,1,,DLAB_2018-04-12_13-21-41_161_456,DLAB_2018-04-13_10-50-24_513_420,5.43447486196571,1,5.25,-1.4,4096,-1,0,+INF,0,1,0.0299060495750523,65535,0,-NAN,$05 $00 Pixel,$03 $05 Intensity counts,$f0 $05 Error counts,$f1 $00 Status,1
229,1197,0,0,1,95A7_2019-05-02_23-19-03_000_012,SAM_8581,SPECTRUM,RAW,,,2019-05-02 23:19:03,0,0,,,,,SAMIP Control,SAMIP_50DB,No Mission,1,0,1,,DLAB_2018-04-12_13-21-41_161_456,DLAB_2018-04-13_10-50-24_513_420,5.43447486196571,1,5.25,-1.4,4096,-1,0,+INF,0,1,0.0299060495750523,65535,0,-NAN,$05 $00 Pixel,$03 $05 Intensity counts,$f0 $05 Error counts,$f1 $00 Status,1
230,1196,0,0,1,95A7_2019-05-02_23-19-03_000_012,SAM_8581,SPECTRUM,RAW,,,2019-05-02 23:19:03,0,0,,,,,SAMIP Control,SAMIP_50DB,No Mission,1,0,1,,DLAB_2018-04-12_13-21-41_161_456,DLAB_2018-04-13_10-50-24_513_420,5.43447486196571,1,5.25,-1.4,4096,-1,0,+INF,0,1,0.0299060495750523,65535,0,-NAN,$05 $00 Pixel,$03 $05 Intensity counts,$f0 $05 Error counts,$f1 $00 Status,1
231,1196,0,0,1,95A7_2019-05-02_23-19-03_000_012,SAM_8581,SPECTRUM,RAW,,,2019-05-02 23:19:03,0,0,,,,,SAMIP Control,SAMIP_50DB,No Mission,1,0,1,,DLAB_2018-04-12_13-21-41_161_456,DLAB_2018-04-13_10-50-24_513_420,5.43447486196571,1,5.25,-1.4,4096,-1,0,+INF,0,1,0.0299060495750523,65535,0,-NAN,$05 $00 Pixel,$03 $05 Intensity counts,$f0 $05 Error counts,$f1 $00 Status,1
232,1204,0,0,1,95A7_2019-05-02_23-19-03_000_012,SAM_8581,SPECTRUM,RAW,,,2019-05-02 23:19:03,0,0,,,,,SAMIP Control,SAMIP_50DB,No Mission,1,0,1,,DLAB_2018-04-12_13-21-41_161_456,DLAB_2018-04-13_10-50-24_513_420,5.43447486196571,1,5.25,-1.4,4096,-1,0,+INF,0,1,0.0299060495750523,65535,0,-NAN,$05 $00 Pixel,$03 $05 Intensity counts,$f0 $05 Error counts,$f1 $00 Status,1
233,1194,0,0,1,95A7_2019-05-02_23-19-03_000_012,SAM_8581,SPECTRUM,RAW,,,2019-05-02 23:19:03,0,0,,,,,SAMIP Control,SAMIP_50DB,No Mission,1,0,1,,DLAB_2018-04-12_13-21-41_161_456,DLAB_2018-04-13_10-50-24_513_420,5.43447486196571,1,5.25,-1.4,4096,-1,0,+INF,0,1,0.0299060495750523,65535,0,-NAN,$05 $00 Pixel,$03 $05 Intensity counts,$f0 $05 Error counts,$f1 $00 Status,1
234,1200,0,0,1,95A7_2019-05-02_23-19-03_000_012,SAM_8581,SPECTRUM,RAW,,,2019-05-02 23:19:03,0,0,,,,,SAMIP Control,SAMIP_50DB,No Mission,1,0,1,,DLAB_2018-04-12_13-21-41_161_456,DLAB_2018-04-13_10-50-24_513_420,5.43447486196571,1,5.25,-1.4,4096,-1,0,+INF,0,1,0.0299060495750523,65535,0,-NAN,$05 $00 Pixel,$03 $05 Intensity counts,$f0 $05 Error counts,$f1 $00 Status,1
235,1197,0,0,1,95A7_2019-05-02_23-19-03_000_012,SAM_8581,SPECTRUM,RAW,,,2019-05-02 23:19:03,0,0,,,,,SAMIP Control,SAMIP_50DB,No Mission,1,0,1,,DLAB_2018-04-12_13-21-41_161_456,DLAB_2018-04-13_10-50-24_513_420,5.43447486196571,1,5.25,-1.4,4096,-1,0,+INF,0,1,0.0299060495750523,65535,0,-NAN,$05 $00 Pixel,$03 $05 Intensity counts,$f0 $05 Error counts,$f1 $00 Status,1
236,1198,0,0,1,95A7_2019-05-02_23-19-03_000_012,SAM_8581,SPECTRUM,RAW,,,2019-05-02 23:19:03,0,0,,,,,SAMIP Control,SAMIP_50DB,No Mission,1,0,1,,DLAB_2018-04-12_13-21-41_161_456,DLAB_2018-04-13_10-50-24_513_420,5.43447486196571,1,5.25,-1.4,4096,-1,0,+INF,0,1,0.0299060495750523,65535,0,-NAN,$05 $00 Pixel,$03 $05 Intensity counts,$f0 $05 Error counts,$f1 $00 Status,1
237,1196,0,0,1,95A7_2019-05-02_23-19-03_000_012,SAM_8581,SPECTRUM,RAW,,,2019-05-02 23:19:03,0,0,,,,,SAMIP Control,SAMIP_50DB,No Mission,1,0,1,,DLAB_2018-04-12_13-21-41_161_456,DLAB_2018-04-13_10-50-24_513_420,5.43447486196571,1,5.25,-1.4,4096,-1,0,+INF,0,1,0.0299060495750523,65535,0,-NAN,$05 $00 Pixel,$03 $05 Intensity counts,$f0 $05 Error counts,$f1 $00 Status,1
238,1194,0,0,1,95A7_2019-05-02_23-19-03_000_012,SAM_8581,SPECTRUM,RAW,,,2019-05-02 23:19:03,0,0,,,,,SAMIP Control,SAMIP_50DB,No Mission,1,0,1,,DLAB_2018-04-12_13-21-41_161_456,DLAB_2018-04-13_10-50-24_513_420,5.43447486196571,1,5.25,-1.4,4096,-1,0,+INF,0,1,0.0299060495750523,65535,0,-NAN,$05 $00 Pixel,$03 $05 Intensity counts,$f0 $05 Error counts,$f1 $00 Status,1
239,1197,0,0,1,95A7_2019-05-02_23-19-03_000_012,SAM_8581,SPECTRUM,RAW,,,2019-05-02 23:19:03,0,0,,,,,SAMIP Control,SAMIP_50DB,No Mission,1,0,1,,DLAB_2018-04-12_13-21-41_161_456,DLAB_2018-04-13_10-50-24_513_420,5.43447486196571,1,5.25,-1.4,4096,-1,0,+INF,0,1,0.0299060495750523,65535,0,-NAN,$05 $00 Pixel,$03 $05 Intensity counts,$f0 $05 Error counts,$f1 $00 Status,1
240,1200,0,0,1,95A7_2019-05-02_23-19-03_000_012,SAM_8581,SPECTRUM,RAW,,,2019-05-02 23:19:03,0,0,,,,,SAMIP Control,SAMIP_50DB,No Mission,1,0,1,,DLAB_2018-04-12_13-21-41_161_456,DLAB_2018-04-13_10-50-24_513_420,5.43447486196571,1,5.25,-1.4,4096,-1,0,+INF,0,1,0.0299060495750523,65535,0,-NAN,$05 $00 Pixel,$03 $05 Intensity counts,$f0 $05 Error counts,$f1 $00 Status,1
241,1193,0,0,1,95A7_2019-05-02_23-19-03_000_012,SAM_8581,SPECTRUM,RAW,,,2019-05-02 23:19:03,0,0,,,,,SAMIP Control,SAMIP_50DB,No Mission,1,0,1,,DLAB_2018-04-12_13-21-41_161_456,DLAB_2018-04-13_10-50-24_513_420,5.43447486196571,1,5.25,-1.4,4096,-1,0,+INF,0,1,0.0299060495750523,65535,0,-NAN,$05 $00 Pixel,$03 $05 Intensity counts,$f0 $05 Error counts,$f1 $00 Status,1
242,1196,0,0,1,95A7_2019-05-02_23-19-03_000_012,SAM_8581,SPECTRUM,RAW,,,2019-05-02 23:19:03,0,0,,,,,SAMIP Control,SAMIP_50DB,No Mission,1,0,1,,DLAB_2018-04-12_13-21-41_161_456,DLAB_2018-04-13_10-50-24_513_420,5.43447486196571,1,5.25,-1.4,4096,-1,0,+INF,0,1,0.0299060495750523,65535,0,-NAN,$05 $00 Pixel,$03 $05 Intensity counts,$f0 $05 Error counts,$f1 $00 Status,1
243,1198,0,0,1,95A7_2019-05-02_23-19-03_000_012,SAM_8581,SPECTRUM,RAW,,,2019-05-02 23:19:03,0,0,,,,,SAMIP Control,SAMIP_50DB,No Mission,1,0,1,,DLAB_2018-04-12_13-21-41_161_456,DLAB_2018-04-13_10-50-24_513_420,5.43447486196571,1,5.25,-1.4,4096,-1,0,+INF,0,1,0.0299060495750523,65535,0,-NAN,$05 $00 Pixel,$03 $05 Intensity counts,$f0 $05 Error counts,$f1 $00 Status,1
244,1198,0,0,1,95A7_2019-05-02_23-19-03_000_012,SAM_8581,SPECTRUM,RAW,,,2019-05-02 23:19:03,0,0,,,,,SAMIP Control,SAMIP_50DB,No Mission,1,0,1,,DLAB_2018-04-12_13-21-41_161_456,DLAB_2018-04-13_10-50-24_513_420,5.43447486196571,1,5.25,-1.4,4096,-1,0,+INF,0,1,0.0299060495750523,65535,0,-NAN,$05 $00 Pixel,$03 $05 Intensity counts,$f0 $05 Error counts,$f1 $00 Status,1
245,1194,0,0,1,95A7_2019-05-02_23-19-03_000_012,SAM_8581,SPECTRUM,RAW,,,2019-05-02 23:19:03,0,0,,,,,SAMIP Control,SAMIP_50DB,No Mission,1,0,1,,DLAB_2018-04-12_13-21-41_161_456,DLAB_2018-04-13_10-50-24_513_420,5.43447486196571,1,5.25,-1.4,4096,-1,0,+INF,0,1,0.0299060495750523,65535,0,-NAN,$05 $00 Pixel,$03 $05 Intensity counts,$f0 $05 Error counts,$f1 $00 Status,1
246,1205,0,0,1,95A7_2019-05-02_23-19-03_000_012,SAM_8581,SPECTRUM,RAW,,,2019-05-02 23:19:03,0,0,,,,,SAMIP Control,SAMIP_50DB,No Mission,1,0,1,,DLAB_2018-04-12_13-21-41_161_456,DLAB_2018-04-13_10-50-24_513_420,5.43447486196571,1,5.25,-1.4,4096,-1,0,+INF,0,1,0.0299060495750523,65535,0,-NAN,$05 $00 Pixel,$03 $05 Intensity counts,$f0 $05 Error counts,$f1 $00 Status,1
247,1196,0,0,1,95A7_2019-05-02_23-19-03_000_012,SAM_8581,SPECTRUM,RAW,,,2019-05-02 23:19:03,0,0,,,,,SAMIP Control,SAMIP_50DB,No Mission,1,0,1,,DLAB_2018-04-12_13-21-41_161_456,DLAB_2018-04-13_10-50-24_513_420,5.43447486196571,1,5.25,-1.4,4096,-1,0,+INF,0,1,0.0299060495750523,65535,0,-NAN,$05 $00 Pixel,$03 $05 Intensity counts,$f0 $05 Error counts,$f1 $00 Status,1
248,1200,0,0,1,95A7_2019-05-02_23-19-03_000_012,SAM_8581,SPECTRUM,RAW,,,2019-05-02 23:19:03,0,0,,,,,SAMIP Control,SAMIP_50DB,No Mission,1,0,1,,DLAB_2018-04-12_13-21-41_161_456,DLAB_2018-04-13_10-50-24_513_420,5.43447486196571,1,5.25,-1.4,4096,-1,0,+INF,0,1,0.0299060495750523,65535,0,-NAN,$05 $00 Pixel,$03 $05 Intensity counts,$f0 $05 Error counts,$f1 $00 Status,1
249,1193,0,0,1,95A7_2019-05-02_23-19-03_000_012,SAM_8581,SPECTRUM,RAW,,,2019-05-02 23:19:03,0,0,,,,,SAMIP Control,SAMIP_50DB,No Mission,1,0,1,,DLAB_2018-04-12_13-21-41_161_456,DLAB_2018-04-13_10-50-24_513_420,5.43447486196571,1,5.25,-1.4,4096,-1,0,+INF,0,1,0.0299060495750523,65535,0,-NAN,$05 $00 Pixel,$03 $05 Intensity counts,$f0 $05 Error counts,$f1 $00 Status,1
250,1199,0,0,1,95A7_2019-05-02_23-19-03_000_012,SAM_8581,SPECTRUM,RAW,,,2019-05-02 23:19:03,0,0,,,,,SAMIP Control,SAMIP_50DB,No Mission,1,0,1,,DLAB_2018-04-12_13-21-41_161_456,DLAB_2018-04-13_10-50-24_513_420,5.43447486196571,1,5.25,-1.4,4096,-1,0,+INF,0,1,0.0299060495750523,65535,0,-NAN,$05 $00 Pixel,$03 $05 Intensity counts,$f0 $05 Error counts,$f1 $00 Status,1
251,1202,0,0,1,95A7_2019-05-02_23-19-03_000_012,SAM_8581,SPECTRUM,RAW,,,2019-05-02 23:19:03,0,0,,,,,SAMIP Control,SAMIP_50DB,No Mission,1,0,1,,DLAB_2018-04-12_13-21-41_161_456,DLAB_2018-04-13_10-50-24_513_420,5.43447486196571,1,5.25,-1.4,4096,-1,0,+INF,0,1,0.0299060495750523,65535,0,-NAN,$05 $00 Pixel,$03 $05 Intensity counts,$f0 $05 Error counts,$f1 $00 Status,1
252,1202,0,0,1,95A7_2019-05-02_23-19-03_000_012,SAM_8581,SPECTRUM,RAW,,,2019-05-02 23:19:03,0,0,,,,,SAMIP Control,SAMIP_50DB,No Mission,1,0,1,,DLAB_2018-04-12_13-21-41_161_456,DLAB_2018-04-13_10-50-24_513_420,5.43447486196571,1,5.25,-1.4,4096,-1,0,+INF,0,1,0.0299060495750523,65535,0,-NAN,$05 $00 Pixel,$03 $05 Intensity counts,$f0 $05 Error counts,$f1 $00 Status,1
253,1197,0,0,1,95A7_2019-05-02_23-19-03_000_012,SAM_8581,SPECTRUM,RAW,,,2019-05-02 23:19:03,0,0,,,,,SAMIP Control,SAMIP_50DB,No Mission,1,0,1,,DLAB_2018-04-12_13-21-41_161_456,DLAB_2018-04-13_10-50-24_513_420,5.43447486196571,1,5.25,-1.4,4096,-1,0,+INF,0,1,0.0299060495750523,65535,0,-NAN,$05 $00 Pixel,$03 $05 Intensity counts,$f0 $05 Error counts,$f1 $00 Status,1
254,1193,0,0,1,95A7_2019-05-02_23-19-03_000_012,SAM_8581,SPECTRUM,RAW,,,2019-05-02 23:19:03,0,0,,,,,SAMIP Control,SAMIP_50DB,No Mission,1,0,1,,DLAB_2018-04-12_13-21-41_161_456,DLAB_2018-04-13_10-50-24_513_420,5.43447486196571,1,5.25,-1.4,4096,-1,0,+INF,0,1,0.0299060495750523,65535,0,-NAN,$05 $00 Pixel,$03 $05 Intensity counts,$f0 $05 Error counts,$f1 $00 Status,1
255,1208,0,0,1,95A7_2019-05-02_23-19-03_000_012,SAM_8581,SPECTRUM,RAW,,,2019-05-02 23:19:03,0,0,,,,,SAMIP Control,SAMIP_50DB,No Mission,1,0,1,,DLAB_2018-04-12_13-21-41_161_456,DLAB_2018-04-13_10-50-24_513_420,5.43447486196571,1,5.25,-1.4,4096,-1,0,+INF,0,1,0.0299060495750523,65535,0,-NAN,$05 $00 Pixel,$03 $05 Intensity counts,$f0 $05 Error counts,$f1 $00 Status,1
