wavelength,intensity,error,status,Version,IDData,IDDevice,IDDataType,IDDataTypeSub1,IDDataTypeSub2,IDDataTypeSub3,DateTime,PositionLatitude,PositionLongitude,Comment,CommentSub1,CommentSub2,CommentSub3,IDMethodType,MethodName,Mission,MissionSub,RecordType,CalFactor,IDBasisSpec,IDDataBack,IDDataCal,InclV,InclValid,InclX,InclY,IntegrationTime,P31,P31e,PathLength,PathLengthCustomOn,PressValid,Pressure,RAWDynamic,Salinity,Temperature,Unit1,Unit2,Unit3,Unit4,p999
1,1224,0,0,1,95A7_2019-05-02_23-43-00_000_041,SAM_8581,SPECTRUM,RAW,,,2019-05-02 23:43:00,0,0,,,,,SAMIP Control,SAMIP_50DB,No Mission,1,0,1,,DLAB_2018-04-12_13-21-41_161_456,DLAB_2018-04-13_10-50-24_513_420,21.8665683323223,1,-14,16.45,4096,-1,0,+INF,0,1,0.108315219111311,65535,0,-NAN,$05 $00 Pixel,$03 $05 Intensity counts,$f0 $05 Error counts,$f1 $00 Status,2
2,1249,0,0,1,95A7_2019-05-02_23-43-00_000_041,SAM_8581,SPECTRUM,RAW,,,2019-05-02 23:43:00,0,0,,,,,SAMIP Control,SAMIP_50DB,No Mission,1,0,1,,DLAB_2018-04-12_13-21-41_161_456,DLAB_2018-04-13_10-50-24_513_420,21.8665683323223,1,-14,16.45,4096,-1,0,+INF,0,1,0.108315219111311,65535,0,-NAN,$05 $00 Pixel,$03 $05 Intensity counts,$f0 $05 Error counts,$f1 $00 Status,2
3,1219,0,0,1,95A7_2019-05-02_23-43-00_000_041,SAM_8581,SPECTRUM,RAW,,,2019-05-02 23:43:00,0,0,,,,,SAMIP Control,SAMIP_50DB,No Mission,1,0,1,,DLAB_2018-04-12_13-21-41_161_456,DLAB_2018-04-13_10-50-24_513_420,21.8665683323223,1,-14,16.45,4096,-1,0,+INF,0,1,0.108315219111311,65535,0,-NAN,$05 $00 Pixel,$03 $05 Intensity counts,$f0 $05 Error counts,$f1 $00 Status,2
4,1230,0,0,1,95A7_2019-05-02_23-43-00_000_041,SAM_8581,SPECTRUM,RAW,,,2019-05-02 23:43:00,0,0,,,,,SAMIP Control,SAMIP_50DB,No Mission,1,0,1,,DLAB_2018-04-12_13-21-41_161_456,DLAB_2018-04-13_10-50-24_513_420,21.8665683323223,1,-14,16.45,4096,-1,0,+INF,0,1,0.108315219111311,65535,0,-NAN,$05 $00 Pixel,$03 $05 Intensity counts,$f0 $05 Error counts,$f1 $00 Status,2
5,1224,0,0,1,95A7_2019-05-02_23-43-00_000_041,SAM_8581,SPECTRUM,RAW,,,2019-05-02 23:43:00,0,0,,,,,SAMIP Control,SAMIP_50DB,No Mission,1,0,1,,DLAB_2018-04-12_13-21-41_161_456,DLAB_2018-04-13_10-50-24_513_420,21.8665683323223,1,-14,16.45,4096,-1,0,+INF,0,1,0.108315219111311,65535,0,-NAN,$05 $00 Pixel,$03 $05 Intensity counts,$f0 $05 Error counts,$f1 $00 Status,2
6,1238,0,0,1,95A7_2019-05-02_23-43-00_000_041,SAM_8581,SPECTRUM,RAW,,,2019-05-02 23:43:00,0,0,,,,,SAMIP Control,SAMIP_50DB,No Mission,1,0,1,,DLAB_2018-04-12_13-21-41_161_456,DLAB_2018-04-13_10-50-24_513_420,21.8665683323223,1,-14,16.45,4096,-1,0,+INF,0,1,0.108315219111311,65535,0,-NAN,$05 $00 Pixel,$03 $05 Intensity counts,$f0 $05 Error counts,$f1 $00 Status,2
7,1233,0,0,1,95A7_2019-05-02_23-43-00_000_041,SAM_8581,SPECTRUM,RAW,,,2019-05-02 23:43:00,0,0,,,,,SAMIP Control,SAMIP_50DB,No Mission,1,0,1,,DLAB_2018-04-12_13-21-41_161_456,DLAB_2018-04-13_10-50-24_513_420,21.8665683323223,1,-14,16.45,4096,-1,0,+INF,0,1,0.108315219111311,65535,0,-NAN,$05 $00 Pixel,$03 $05 Intensity counts,$f0 $05 Error counts,$f1 $00 Status,2
8,1232,0,0,1,95A7_2019-05-02_23-43-00_000_041,SAM_8581,SPECTRUM,RAW,,,2019-05-02 23:43:00,0,0,,,,,SAMIP Control,SAMIP_50DB,No Mission,1,0,1,,DLAB_2018-04-12_13-21-41_161_456,DLAB_2018-04-13_10-50-24_513_420,21.8665683323223,1,-14,16.45,4096,-1,0,+INF,0,1,0.108315219111311,65535,0,-NAN,$05 $00 Pixel,$03 $05 Intensity counts,$f0 $05 Error counts,$f1 $00 Status,2
9,1222,0,0,1,95A7_2019-05-02_23-43-00_000_041,SAM_8581,SPECTRUM,RAW,,,2019-05-02 23:43:00,0,0,,,,,SAMIP Control,SAMIP_50DB,No Mission,1,0,1,,DLAB_2018-04-12_13-21-41_161_456,DLAB_2018-04-13_10-50-24_513_420,21.8665683323223,1,-14,16.45,4096,-1,0,+INF,0,1,0.108315219111311,65535,0,-NAN,$05 $00 Pixel,$03 $05 Intensity counts,$f0 $05 Error counts,$f1 $00 Status,2
10,1237,0,0,1,95A7_2019-05-02_23-43-00_000_041,SAM_8581,SPECTRUM,RAW,,,2019-05-02 23:43:00,0,0,,,,,SAMIP Control,SAMIP_50DB,No Mission,1,0,1,,DLAB_2018-04-12_13-21-41_161_456,DLAB_2018-04-13_10-50-24_513_420,21.8665683323223,1,-14,16.45,4096,-1,0,+INF,0,1,0.108315219111311,65535,0,-NAN,$05 $00 Pixel,$03 $05 Intensity counts,$f0 $05 Error counts,$f1 $00 Status,2
11,1207,0,0,1,95A7_2019-05-02_23-43-00_000_041,SAM_8581,SPECTRUM,RAW,,,2019-05-02 23:43:00,0,0,,,,,SAMIP Control,SAMIP_50DB,No Mission,1,0,1,,DLAB_2018-04-12_13-21-41_161_456,DLAB_2018-04-13_10-50-24_513_420,21.8665683323223,1,-14,16.45,4096,-1,0,+INF,0,1,0.108315219111311,65535,0,-NAN,$05 $00 Pixel,$03 $05 Intensity counts,$f0 $05 Error counts,$f1 $00 Status,2
12,1209,0,0,1,95A7_2019-05-02_23-43-00_000_041,SAM_8581,SPECTRUM,RAW,,,2019-05-02 23:43:00,0,0,,,,,SAMIP Control,SAMIP_50DB,No Mission,1,0,1,,DLAB_2018-04-12_13-21-41_161_456,DLAB_2018-04-13_10-50-24_513_420,21.8665683323223,1,-14,16.45,4096,-1,0,+INF,0,1,0.108315219111311,65535,0,-NAN,$05 $00 Pixel,$03 $05 Intensity counts,$f0 $05 Error counts,$f1 $00 Status,2
13,1224,0,0,1,95A7_2019-05-02_23-43-00_000_041,SAM_8581,SPECTRUM,RAW,,,2019-05-02 23:43:00,0,0,,,,,SAMIP Control,SAMIP_50DB,No Mission,1,0,1,,DLAB_2018-04-12_13-21-41_161_456,DLAB_2018-04-13_10-50-24_513_420,21.8665683323223,1,-14,16.45,4096,-1,0,+INF,0,1,0.108315219111311,65535,0,-NAN,$05 $00 Pixel,$03 $05 Intensity counts,$f0 $05 Error counts,$f1 $00 Status,2
14,1190,0,0,1,95A7_2019-05-02_23-43-00_000_041,SAM_8581,SPECTRUM,RAW,,,2019-05-02 23:43:00,0,0,,,,,SAMIP Control,SAMIP_50DB,No Mission,1,0,1,,DLAB_2018-04-12_13-21-41_161_456,DLAB_2018-04-13_10-50-24_513_420,21.8665683323223,1,-14,16.45,4096,-1,0,+INF,0,1,0.108315219111311,65535,0,-NAN,$05 $00 Pixel,$03 $05 Intensity counts,$f0 $05 Error counts,$f1 $00 Status,2
15,1241,0,0,1,95A7_2019-05-02_23-43-00_000_041,SAM_8581,SPECTRUM,RAW,,,2019-05-02 23:43:00,0,0,,,,,SAMIP Control,SAMIP_50DB,No Mission,1,0,1,,DLAB_2018-04-12_13-21-41_161_456,DLAB_2018-04-13_10-50-24_513_420,21.8665683323223,1,-14,16.45,4096,-1,0,+INF,0,1,0.108315219111311,65535,0,-NAN,$05 $00 Pixel,$03 $05 Intensity counts,$f0 $05 Error counts,$f1 $00 Status,2
16,1224,0,0,1,95A7_2019-05-02_23-43-00_000_041,SAM_8581,SPECTRUM,RAW,,,2019-05-02 23:43:00,0,0,,,,,SAMIP Control,SAMIP_50DB,No Mission,1,0,1,,DLAB_2018-04-12_13-21-41_161_456,DLAB_2018-04-13_10-50-24_513_420,21.8665683323223,1,-14,16.45,4096,-1,0,+INF,0,1,0.108315219111311,65535,0,-NAN,$05 $00 Pixel,$03 $05 Intensity counts,$f0 $05 Error counts,$f1 $00 Status,2
17,1240,0,0,1,95A7_2019-05-02_23-43-00_000_041,SAM_8581,SPECTRUM,RAW,,,2019-05-02 23:43:00,0,0,,,,,SAMIP Control,SAMIP_50DB,No Mission,1,0,1,,DLAB_2018-04-12_13-21-41_161_456,DLAB_2018-04-13_10-50-24_513_420,21.8665683323223,1,-14,16.45,4096,-1,0,+INF,0,1,0.108315219111311,65535,0,-NAN,$05 $00 Pixel,$03 $05 Intensity counts,$f0 $05 Error counts,$f1 $00 Status,2
18,1216,0,0,1,95A7_2019-05-02_23-43-00_000_041,SAM_8581,SPECTRUM,RAW,,,2019-05-02 23:43:00,0,0,,,,,SAMIP Control,SAMIP_50DB,No Mission,1,0,1,,DLAB_2018-04-12_13-21-41_161_456,DLAB_2018-04-13_10-50-24_513_420,21.8665683323223,1,-14,16.45,4096,-1,0,+INF,0,1,0.108315219111311,65535,0,-NAN,$05 $00 Pixel,$03 $05 Intensity counts,$f0 $05 Error counts,$f1 $00 Status,2
19,1212,0,0,1,95A7_2019-05-02_23-43-00_000_041,SAM_8581,SPECTRUM,RAW,,,2019-05-02 23:43:00,0,0,,,,,SAMIP Control,SAMIP_50DB,No Mission,1,0,1,,DLAB_2018-04-12_13-21-41_161_456,DLAB_2018-04-13_10-50-24_513_420,21.8665683323223,1,-14,16.45,4096,-1,0,+INF,0,1,0.108315219111311,65535,0,-NAN,$05 $00 Pixel,$03 $05 Intensity counts,$f0 $05 Error counts,$f1 $00 Status,2
20,1455,0,0,1,95A7_2019-05-02_23-43-00_000_041,SAM_8581,SPECTRUM,RAW,,,2019-05-02 23:43:00,0,0,,,,,SAMIP Control,SAMIP_50DB,No Mission,1,0,1,,DLAB_2018-04-12_13-21-41_161_456,DLAB_2018-04-13_10-50-24_513_420,21.8665683323223,1,-14,16.45,4096,-1,0,+INF,0,1,0.108315219111311,65535,0,-NAN,$05 $00 Pixel,$03 $05 Intensity counts,$f0 $05 Error counts,$f1 $00 Status,2
21,1176,0,0,1,95A7_2019-05-02_23-43-00_000_041,SAM_8581,SPECTRUM,RAW,,,2019-05-02 23:43:00,0,0,,,,,SAMIP Control,SAMIP_50DB,No Mission,1,0,1,,DLAB_2018-04-12_13-21-41_161_456,DLAB_2018-04-13_10-50-24_513_420,21.8665683323223,1,-14,16.45,4096,-1,0,+INF,0,1,0.108315219111311,65535,0,-NAN,$05 $00 Pixel,$03 $05 Intensity counts,$f0 $05 Error counts,$f1 $00 Status,2
22,1229,0,0,1,95A7_2019-05-02_23-43-00_000_041,SAM_8581,SPECTRUM,RAW,,,2019-05-02 23:43:00,0,0,,,,,SAMIP Control,SAMIP_50DB,No Mission,1,0,1,,DLAB_2018-04-12_13-21-41_161_456,DLAB_2018-04-13_10-50-24_513_420,21.8665683323223,1,-14,16.45,4096,-1,0,+INF,0,1,0.108315219111311,65535,0,-NAN,$05 $00 Pixel,$03 $05 Intensity counts,$f0 $05 Error counts,$f1 $00 Status,2
23,1250,0,0,1,95A7_2019-05-02_23-43-00_000_041,SAM_8581,SPECTRUM,RAW,,,2019-05-02 23:43:00,0,0,,,,,SAMIP Control,SAMIP_50DB,No Mission,1,0,1,,DLAB_2018-04-12_13-21-41_161_456,DLAB_2018-04-13_10-50-24_513_420,21.8665683323223,1,-14,16.45,4096,-1,0,+INF,0,1,0.108315219111311,65535,0,-NAN,$05 $00 Pixel,$03 $05 Intensity counts,$f0 $05 Error counts,$f1 $00 Status,2
24,1226,0,0,1,95A7_2019-05-02_23-43-00_000_041,SAM_8581,SPECTRUM,RAW,,,2019-05-02 23:43:00,0,0,,,,,SAMIP Control,SAMIP_50DB,No Mission,1,0,1,,DLAB_2018-04-12_13-21-41_161_456,DLAB_2018-04-13_10-50-24_513_420,21.8665683323223,1,-14,16.45,4096,-1,0,+INF,0,1,0.108315219111311,65535,0,-NAN,$05 $00 Pixel,$03 $05 Intensity counts,$f0 $05 Error counts,$f1 $00 Status,2
25,1260,0,0,1,95A7_2019-05-02_23-43-00_000_041,SAM_8581,SPECTRUM,RAW,,,2019-05-02 23:43:00,0,0,,,,,SAMIP Control,SAMIP_50DB,No Mission,1,0,1,,DLAB_2018-04-12_13-21-41_161_456,DLAB_2018-04-13_10-50-24_513_420,21.8665683323223,1,-14,16.45,4096,-1,0,+INF,0,1,0.108315219111311,65535,0,-NAN,$05 $00 Pixel,$03 $05 Intensity counts,$f0 $05 Error counts,$f1 $00 Status,2
26,1219,0,0,1,95A7_2019-05-02_23-43-00_000_041,SAM_8581,SPECTRUM,RAW,,,2019-05-02 23:43:00,0,0,,,,,SAMIP Control,SAMIP_50DB,No Mission,1,0,1,,DLAB_2018-04-12_13-21-41_161_456,DLAB_2018-04-13_10-50-24_513_420,21.8665683323223,1,-14,16.45,4096,-1,0,+INF,0,1,0.108315219111311,65535,0,-NAN,$05 $00 Pixel,$03 $05 Intensity counts,$f0 $05 Error counts,$f1 $00 Status,2
27,1026,0,0,1,95A7_2019-05-02_23-43-00_000_041,SAM_8581,SPECTRUM,RAW,,,2019-05-02 23:43:00,0,0,,,,,SAMIP Control,SAMIP_50DB,No Mission,1,0,1,,DLAB_2018-04-12_13-21-41_161_456,DLAB_2018-04-13_10-50-24_513_420,21.8665683323223,1,-14,16.45,4096,-1,0,+INF,0,1,0.108315219111311,65535,0,-NAN,$05 $00 Pixel,$03 $05 Intensity counts,$f0 $05 Error counts,$f1 $00 Status,2
28,1208,0,0,1,95A7_2019-05-02_23-43-00_000_041,SAM_8581,SPECTRUM,RAW,,,2019-05-02 23:43:00,0,0,,,,,SAMIP Control,SAMIP_50DB,No Mission,1,0,1,,DLAB_2018-04-12_13-21-41_161_456,DLAB_2018-04-13_10-50-24_513_420,21.8665683323223,1,-14,16.45,4096,-1,0,+INF,0,1,0.108315219111311,65535,0,-NAN,$05 $00 Pixel,$03 $05 Intensity counts,$f0 $05 Error counts,$f1 $00 Status,2
29,1226,0,0,1,95A7_2019-05-02_23-43-00_000_041,SAM_8581,SPECTRUM,RAW,,,2019-05-02 23:43:00,0,0,,,,,SAMIP Control,SAMIP_50DB,No Mission,1,0,1,,DLAB_2018-04-12_13-21-41_161_456,DLAB_2018-04-13_10-50-24_513_420,21.8665683323223,1,-14,16.45,4096,-1,0,+INF,0,1,0.108315219111311,65535,0,-NAN,$05 $00 Pixel,$03 $05 Intensity counts,$f0 $05 Error counts,$f1 $00 Status,2
30,1220,0,0,1,95A7_2019-05-02_23-43-00_000_041,SAM_8581,SPECTRUM,RAW,,,2019-05-02 23:43:00,0,0,,,,,SAMIP Control,SAMIP_50DB,No Mission,1,0,1,,DLAB_2018-04-12_13-21-41_161_456,DLAB_2018-04-13_10-50-24_513_420,21.8665683323223,1,-14,16.45,4096,-1,0,+INF,0,1,0.108315219111311,65535,0,-NAN,$05 $00 Pixel,$03 $05 Intensity counts,$f0 $05 Error counts,$f1 $00 Status,2
31,1241,0,0,1,95A7_2019-05-02_23-43-00_000_041,SAM_8581,SPECTRUM,RAW,,,2019-05-02 23:43:00,0,0,,,,,SAMIP Control,SAMIP_50DB,No Mission,1,0,1,,DLAB_2018-04-12_13-21-41_161_456,DLAB_2018-04-13_10-50-24_513_420,21.8665683323223,1,-14,16.45,4096,-1,0,+INF,0,1,0.108315219111311,65535,0,-NAN,$05 $00 Pixel,$03 $05 Intensity counts,$f0 $05 Error counts,$f1 $00 Status,2
32,1217,0,0,1,95A7_2019-05-02_23-43-00_000_041,SAM_8581,SPECTRUM,RAW,,,2019-05-02 23:43:00,0,0,,,,,SAMIP Control,SAMIP_50DB,No Mission,1,0,1,,DLAB_2018-04-12_13-21-41_161_456,DLAB_2018-04-13_10-50-24_513_420,21.8665683323223,1,-14,16.45,4096,-1,0,+INF,0,1,0.108315219111311,65535,0,-NAN,$05 $00 Pixel,$03 $05 Intensity counts,$f0 $05 Error counts,$f1 $00 Status,2
33,1230,0,0,1,95A7_2019-05-02_23-43-00_000_041,SAM_8581,SPECTRUM,RAW,,,2019-05-02 23:43:00,0,0,,,,,SAMIP Control,SAMIP_50DB,No Mission,1,0,1,,DLAB_2018-04-12_13-21-41_161_456,DLAB_2018-04-13_10-50-24_513_420,21.8665683323223,1,-14,16.45,4096,-1,0,+INF,0,1,0.108315219111311,65535,0,-NAN,$05 $00 Pixel,$03 $05 Intensity counts,$f0 $05 Error counts,$f1 $00 Status,2
34,1264,0,0,1,95A7_2019-05-02_23-43-00_000_041,SAM_8581,SPECTRUM,RAW,,,2019-05-02 23:43:00,0,0,,,,,SAMIP Control,SAMIP_50DB,No Mission,1,0,1,,DLAB_2018-04-12_13-21-41_161_456,DLAB_2018-04-13_10-50-24_513_420,21.8665683323223,1,-14,16.45,4096,-1,0,+INF,0,1,0.108315219111311,65535,0,-NAN,$05 $00 Pixel,$03 $05 Intensity counts,$f0 $05 Error counts,$f1 $00 Status,2
35,1250,0,0,1,95A7_2019-05-02_23-43-00_000_041,SAM_8581,SPECTRUM,RAW,,,2019-05-02 23:43:00,0,0,,,,,SAMIP Control,SAMIP_50DB,No Mission,1,0,1,,DLAB_2018-04-12_13-21-41_161_456,DLAB_2018-04-13_10-50-24_513_420,21.8665683323223,1,-14,16.45,4096,-1,0,+INF,0,1,0.108315219111311,65535,0,-NAN,$05 $00 Pixel,$03 $05 Intensity counts,$f0 $05 Error counts,$f1 $00 Status,2
36,1245,0,0,1,95A7_2019-05-02_23-43-00_000_041,SAM_8581,SPECTRUM,RAW,,,2019-05-02 23:43:00,0,0,,,,,SAMIP Control,SAMIP_50DB,No Mission,1,0,1,,DLAB_2018-04-12_13-21-41_161_456,DLAB_2018-04-13_10-50-24_513_420,21.8665683323223,1,-14,16.45,4096,-1,0,+INF,0,1,0.108315219111311,65535,0,-NAN,$05 $00 Pixel,$03 $05 Intensity counts,$f0 $05 Error counts,$f1 $00 Status,2
37,1228,0,0,1,95A7_2019-05-02_23-43-00_000_041,SAM_8581,SPECTRUM,RAW,,,2019-05-02 23:43:00,0,0,,,,,SAMIP Control,SAMIP_50DB,No Mission,1,0,1,,DLAB_2018-04-12_13-21-41_161_456,DLAB_2018-04-13_10-50-24_513_420,21.8665683323223,1,-14,16.45,4096,-1,0,+INF,0,1,0.108315219111311,65535,0,-NAN,$05 $00 Pixel,$03 $05 Intensity counts,$f0 $05 Error counts,$f1 $00 Status,2
38,1243,0,0,1,95A7_2019-05-02_23-43-00_000_041,SAM_8581,SPECTRUM,RAW,,,2019-05-02 23:43:00,0,0,,,,,SAMIP Control,SAMIP_50DB,No Mission,1,0,1,,DLAB_2018-04-12_13-21-41_161_456,DLAB_2018-04-13_10-50-24_513_420,21.8665683323223,1,-14,16.45,4096,-1,0,+INF,0,1,0.108315219111311,65535,0,-NAN,$05 $00 Pixel,$03 $05 Intensity counts,$f0 $05 Error counts,$f1 $00 Status,2
39,1242,0,0,1,95A7_2019-05-02_23-43-00_000_041,SAM_8581,SPECTRUM,RAW,,,2019-05-02 23:43:00,0,0,,,,,SAMIP Control,SAMIP_50DB,No Mission,1,0,1,,DLAB_2018-04-12_13-21-41_161_456,DLAB_2018-04-13_10-50-24_513_420,21.8665683323223,1,-14,16.45,4096,-1,0,+INF,0,1,0.108315219111311,65535,0,-NAN,$05 $00 Pixel,$03 $05 Intensity counts,$f0 $05 Error counts,$f1 $00 Status,2
40,1220,0,0,1,95A7_2019-05-02_23-43-00_000_041,SAM_8581,SPECTRUM,RAW,,,2019-05-02 23:43:00,0,0,,,,,SAMIP Control,SAMIP_50DB,No Mission,1,0,1,,DLAB_2018-04-12_13-21-41_161_456,DLAB_2018-04-13_10-50-24_513_420,21.8665683323223,1,-14,16.45,4096,-1,0,+INF,0,1,0.108315219111311,65535,0,-NAN,$05 $00 Pixel,$03 $05 Intensity counts,$f0 $05 Error counts,$f1 $00 Status,2
41,1240,0,0,1,95A7_2019-05-02_23-43-00_000_041,SAM_8581,SPECTRUM,RAW,,,2019-05-02 23:43:00,0,0,,,,,SAMIP Control,SAMIP_50DB,No Mission,1,0,1,,DLAB_2018-04-12_13-21-41_161_456,DLAB_2018-04-13_10-50-24_513_420,21.8665683323223,1,-14,16.45,4096,-1,0,+INF,0,1,0.108315219111311,65535,0,-NAN,$05 $00 Pixel,$03 $05 Intensity counts,$f0 $05 Error counts,$f1 $00 Status,2
42,1212,0,0,1,95A7_2019-05-02_23-43-00_000_041,SAM_8581,SPECTRUM,RAW,,,2019-05-02 23:43:00,0,0,,,,,SAMIP Control,SAMIP_50DB,No Mission,1,0,1,,DLAB_2018-04-12_13-21-41_161_456,DLAB_2018-04-13_10-50-24_513_420,21.8665683323223,1,-14,16.45,4096,-1,0,+INF,0,1,0.108315219111311,65535,0,-NAN,$05 $00 Pixel,$03 $05 Intensity counts,$f0 $05 Error counts,$f1 $00 Status,2
43,1244,0,0,1,95A7_2019-05-02_23-43-00_000_041,SAM_8581,SPECTRUM,RAW,,,2019-05-02 23:43:00,0,0,,,,,SAMIP Control,SAMIP_50DB,No Mission,1,0,1,,DLAB_2018-04-12_13-21-41_161_456,DLAB_2018-04-13_10-50-24_513_420,21.8665683323223,1,-14,16.45,4096,-1,0,+INF,0,1,0.108315219111311,65535,0,-NAN,$05 $00 Pixel,$03 $05 Intensity counts,$f0 $05 Error counts,$f1 $00 Status,2
44,1252,0,0,1,95A7_2019-05-02_23-43-00_000_041,SAM_8581,SPECTRUM,RAW,,,2019-05-02 23:43:00,0,0,,,,,SAMIP Control,SAMIP_50DB,No Mission,1,0,1,,DLAB_2018-04-12_13-21-41_161_456,DLAB_2018-04-13_10-50-24_513_420,21.8665683323223,1,-14,16.45,4096,-1,0,+INF,0,1,0.108315219111311,65535,0,-NAN,$05 $00 Pixel,$03 $05 Intensity counts,$f0 $05 Error counts,$f1 $00 Status,2
45,1228,0,0,1,95A7_2019-05-02_23-43-00_000_041,SAM_8581,SPECTRUM,RAW,,,2019-05-02 23:43:00,0,0,,,,,SAMIP Control,SAMIP_50DB,No Mission,1,0,1,,DLAB_2018-04-12_13-21-41_161_456,DLAB_2018-04-13_10-50-24_513_420,21.8665683323223,1,-14,16.45,4096,-1,0,+INF,0,1,0.108315219111311,65535,0,-NAN,$05 $00 Pixel,$03 $05 Intensity counts,$f0 $05 Error counts,$f1 $00 Status,2
46,1253,0,0,1,95A7_2019-05-02_23-43-00_000_041,SAM_8581,SPECTRUM,RAW,,,2019-05-02 23:43:00,0,0,,,,,SAMIP Control,SAMIP_50DB,No Mission,1,0,1,,DLAB_2018-04-12_13-21-41_161_456,DLAB_2018-04-13_10-50-24_513_420,21.8665683323223,1,-14,16.45,4096,-1,0,+INF,0,1,0.108315219111311,65535,0,-NAN,$05 $00 Pixel,$03 $05 Intensity counts,$f0 $05 Error counts,$f1 $00 Status,2
47,1231,0,0,1,95A7_2019-05-02_23-43-00_000_041,SAM_8581,SPECTRUM,RAW,,,2019-05-02 23:43:00,0,0,,,,,SAMIP Control,SAMIP_50DB,No Mission,1,0,1,,DLAB_2018-04-12_13-21-41_161_456,DLAB_2018-04-13_10-50-24_513_420,21.8665683323223,1,-14,16.45,4096,-1,0,+INF,0,1,0.108315219111311,65535,0,-NAN,$05 $00 Pixel,$03 $05 Intensity counts,$f0 $05 Error counts,$f1 $00 Status,2
48,1238,0,0,1,95A7_2019-05-02_23-43-00_000_041,SAM_8581,SPECTRUM,RAW,,,2019-05-02 23:43:00,0,0,,,,,SAMIP Control,SAMIP_50DB,No Mission,1,0,1,,DLAB_2018-04-12_13-21-41_161_456,DLAB_2018-04-13_10-50-24_513_420,21.8665683323223,1,-14,16.45,4096,-1,0,+INF,0,1,0.108315219111311,65535,0,-NAN,$05 $00 Pixel,$03 $05 Intensity counts,$f0 $05 Error counts,$f1 $00 Status,2
49,1214,0,0,1,95A7_2019-05-02_23-43-00_000_041,SAM_8581,SPECTRUM,RAW,,,2019-05-02 23:43:00,0,0,,,,,SAMIP Control,SAMIP_50DB,No Mission,1,0,1,,DLAB_2018-04-12_13-21-41_161_456,DLAB_2018-04-13_10-50-24_513_420,21.8665683323223,1,-14,16.45,4096,-1,0,+INF,0,1,0.108315219111311,65535,0,-NAN,$05 $00 Pixel,$03 $05 Intensity counts,$f0 $05 Error counts,$f1 $00 Status,2
50,1248,0,0,1,95A7_2019-05-02_23-43-00_000_041,SAM_8581,SPECTRUM,RAW,,,2019-05-02 23:43:00,0,0,,,,,SAMIP Control,SAMIP_50DB,No Mission,1,0,1,,DLAB_2018-04-12_13-21-41_161_456,DLAB_2018-04-13_10-50-24_513_420,21.8665683323223,1,-14,16.45,4096,-1,0,+INF,0,1,0.108315219111311,65535,0,-NAN,$05 $00 Pixel,$03 $05 Intensity counts,$f0 $05 Error counts,$f1 $00 Status,2
51,1232,0,0,1,95A7_2019-05-02_23-43-00_000_041,SAM_8581,SPECTRUM,RAW,,,2019-05-02 23:43:00,0,0,,,,,SAMIP Control,SAMIP_50DB,No Mission,1,0,1,,DLAB_2018-04-12_13-21-41_161_456,DLAB_2018-04-13_10-50-24_513_420,21.8665683323223,1,-14,16.45,4096,-1,0,+INF,0,1,0.108315219111311,65535,0,-NAN,$05 $00 Pixel,$03 $05 Intensity counts,$f0 $05 Error counts,$f1 $00 Status,2
52,1238,0,0,1,95A7_2019-05-02_23-43-00_000_041,SAM_8581,SPECTRUM,RAW,,,2019-05-02 23:43:00,0,0,,,,,SAMIP Control,SAMIP_50DB,No Mission,1,0,1,,DLAB_2018-04-12_13-21-41_161_456,DLAB_2018-04-13_10-50-24_513_420,21.8665683323223,1,-14,16.45,4096,-1,0,+INF,0,1,0.108315219111311,65535,0,-NAN,$05 $00 Pixel,$03 $05 Intensity counts,$f0 $05 Error counts,$f1 $00 Status,2
53,1224,0,0,1,95A7_2019-05-02_23-43-00_000_041,SAM_8581,SPECTRUM,RAW,,,2019-05-02 23:43:00,0,0,,,,,SAMIP Control,SAMIP_50DB,No Mission,1,0,1,,DLAB_2018-04-12_13-21-41_161_456,DLAB_2018-04-13_10-50-24_513_420,21.8665683323223,1,-14,16.45,4096,-1,0,+INF,0,1,0.108315219111311,65535,0,-NAN,$05 $00 Pixel,$03 $05 Intensity counts,$f0 $05 Error counts,$f1 $00 Status,2
54,1238,0,0,1,95A7_2019-05-02_23-43-00_000_041,SAM_8581,SPECTRUM,RAW,,,2019-05-02 23:43:00,0,0,,,,,SAMIP Control,SAMIP_50DB,No Mission,1,0,1,,DLAB_2018-04-12_13-21-41_161_456,DLAB_2018-04-13_10-50-24_513_420,21.8665683323223,1,-14,16.45,4096,-1,0,+INF,0,1,0.108315219111311,65535,0,-NAN,$05 $00 Pixel,$03 $05 Intensity counts,$f0 $05 Error counts,$f1 $00 Status,2
55,1163,0,0,1,95A7_2019-05-02_23-43-00_000_041,SAM_8581,SPECTRUM,RAW,,,2019-05-02 23:43:00,0,0,,,,,SAMIP Control,SAMIP_50DB,No Mission,1,0,1,,DLAB_2018-04-12_13-21-41_161_456,DLAB_2018-04-13_10-50-24_513_420,21.8665683323223,1,-14,16.45,4096,-1,0,+INF,0,1,0.108315219111311,65535,0,-NAN,$05 $00 Pixel,$03 $05 Intensity counts,$f0 $05 Error counts,$f1 $00 Status,2
56,1229,0,0,1,95A7_2019-05-02_23-43-00_000_041,SAM_8581,SPECTRUM,RAW,,,2019-05-02 23:43:00,0,0,,,,,SAMIP Control,SAMIP_50DB,No Mission,1,0,1,,DLAB_2018-04-12_13-21-41_161_456,DLAB_2018-04-13_10-50-24_513_420,21.8665683323223,1,-14,16.45,4096,-1,0,+INF,0,1,0.108315219111311,65535,0,-NAN,$05 $00 Pixel,$03 $05 Intensity counts,$f0 $05 Error counts,$f1 $00 Status,2
57,1208,0,0,1,95A7_2019-05-02_23-43-00_000_041,SAM_8581,SPECTRUM,RAW,,,2019-05-02 23:43:00,0,0,,,,,SAMIP Control,SAMIP_50DB,No Mission,1,0,1,,DLAB_2018-04-12_13-21-41_161_456,DLAB_2018-04-13_10-50-24_513_420,21.8665683323223,1,-14,16.45,4096,-1,0,+INF,0,1,0.108315219111311,65535,0,-NAN,$05 $00 Pixel,$03 $05 Intensity counts,$f0 $05 Error counts,$f1 $00 Status,2
58,1234,0,0,1,95A7_2019-05-02_23-43-00_000_041,SAM_8581,SPECTRUM,RAW,,,2019-05-02 23:43:00,0,0,,,,,SAMIP Control,SAMIP_50DB,No Mission,1,0,1,,DLAB_2018-04-12_13-21-41_161_456,DLAB_2018-04-13_10-50-24_513_420,21.8665683323223,1,-14,16.45,4096,-1,0,+INF,0,1,0.108315219111311,65535,0,-NAN,$05 $00 Pixel,$03 $05 Intensity counts,$f0 $05 Error counts,$f1 $00 Status,2
59,1232,0,0,1,95A7_2019-05-02_23-43-00_000_041,SAM_8581,SPECTRUM,RAW,,,2019-05-02 23:43:00,0,0,,,,,SAMIP Control,SAMIP_50DB,No Mission,1,0,1,,DLAB_2018-04-12_13-21-41_161_456,DLAB_2018-04-13_10-50-24_513_420,21.8665683323223,1,-14,16.45,4096,-1,0,+INF,0,1,0.108315219111311,65535,0,-NAN,$05 $00 Pixel,$03 $05 Intensity counts,$f0 $05 Error counts,$f1 $00 Status,2
60,1231,0,0,1,95A7_2019-05-02_23-43-00_000_041,SAM_8581,SPECTRUM,RAW,,,2019-05-02 23:43:00,0,0,,,,,SAMIP Control,SAMIP_50DB,No Mission,1,0,1,,DLAB_2018-04-12_13-21-41_161_456,DLAB_2018-04-13_10-50-24_513_420,21.8665683323223,1,-14,16.45,4096,-1,0,+INF,0,1,0.108315219111311,65535,0,-NAN,$05 $00 Pixel,$03 $05 Intensity counts,$f0 $05 Error counts,$f1 $00 Status,2
61,1233,0,0,1,95A7_2019-05-02_23-43-00_000_041,SAM_8581,SPECTRUM,RAW,,,2019-05-02 23:43:00,0,0,,,,,SAMIP Control,SAMIP_50DB,No Mission,1,0,1,,DLAB_2018-04-12_13-21-41_161_456,DLAB_2018-04-13_10-50-24_513_420,21.8665683323223,1,-14,16.45,4096,-1,0,+INF,0,1,0.108315219111311,65535,0,-NAN,$05 $00 Pixel,$03 $05 Intensity counts,$f0 $05 Error counts,$f1 $00 Status,2
62,1207,0,0,1,95A7_2019-05-02_23-43-00_000_041,SAM_8581,SPECTRUM,RAW,,,2019-05-02 23:43:00,0,0,,,,,SAMIP Control,SAMIP_50DB,No Mission,1,0,1,,DLAB_2018-04-12_13-21-41_161_456,DLAB_2018-04-13_10-50-24_513_420,21.8665683323223,1,-14,16.45,4096,-1,0,+INF,0,1,0.108315219111311,65535,0,-NAN,$05 $00 Pixel,$03 $05 Intensity counts,$f0 $05 Error counts,$f1 $00 Status,2
63,1236,0,0,1,95A7_2019-05-02_23-43-00_000_041,SAM_8581,SPECTRUM,RAW,,,2019-05-02 23:43:00,0,0,,,,,SAMIP Control,SAMIP_50DB,No Mission,1,0,1,,DLAB_2018-04-12_13-21-41_161_456,DLAB_2018-04-13_10-50-24_513_420,21.8665683323223,1,-14,16.45,4096,-1,0,+INF,0,1,0.108315219111311,65535,0,-NAN,$05 $00 Pixel,$03 $05 Intensity counts,$f0 $05 Error counts,$f1 $00 Status,2
64,1231,0,0,1,95A7_2019-05-02_23-43-00_000_041,SAM_8581,SPECTRUM,RAW,,,2019-05-02 23:43:00,0,0,,,,,SAMIP Control,SAMIP_50DB,No Mission,1,0,1,,DLAB_2018-04-12_13-21-41_161_456,DLAB_2018-04-13_10-50-24_513_420,21.8665683323223,1,-14,16.45,4096,-1,0,+INF,0,1,0.108315219111311,65535,0,-NAN,$05 $00 Pixel,$03 $05 Intensity counts,$f0 $05 Error counts,$f1 $00 Status,2
65,1229,0,0,1,95A7_2019-05-02_23-43-00_000_041,SAM_8581,SPECTRUM,RAW,,,2019-05-02 23:43:00,0,0,,,,,SAMIP Control,SAMIP_50DB,No Mission,1,0,1,,DLAB_2018-04-12_13-21-41_161_456,DLAB_2018-04-13_10-50-24_513_420,21.8665683323223,1,-14,16.45,4096,-1,0,+INF,0,1,0.108315219111311,65535,0,-NAN,$05 $00 Pixel,$03 $05 Intensity counts,$f0 $05 Error counts,$f1 $00 Status,2
66,1242,0,0,1,95A7_2019-05-02_23-43-00_000_041,SAM_8581,SPECTRUM,RAW,,,2019-05-02 23:43:00,0,0,,,,,SAMIP Control,SAMIP_50DB,No Mission,1,0,1,,DLAB_2018-04-12_13-21-41_161_456,DLAB_2018-04-13_10-50-24_513_420,21.8665683323223,1,-14,16.45,4096,-1,0,+INF,0,1,0.108315219111311,65535,0,-NAN,$05 $00 Pixel,$03 $05 Intensity counts,$f0 $05 Error counts,$f1 $00 Status,2
67,1244,0,0,1,95A7_2019-05-02_23-43-00_000_041,SAM_8581,SPECTRUM,RAW,,,2019-05-02 23:43:00,0,0,,,,,SAMIP Control,SAMIP_50DB,No Mission,1,0,1,,DLAB_2018-04-12_13-21-41_161_456,DLAB_2018-04-13_10-50-24_513_420,21.8665683323223,1,-14,16.45,4096,-1,0,+INF,0,1,0.108315219111311,65535,0,-NAN,$05 $00 Pixel,$03 $05 Intensity counts,$f0 $05 Error counts,$f1 $00 Status,2
68,1240,0,0,1,95A7_2019-05-02_23-43-00_000_041,SAM_8581,SPECTRUM,RAW,,,2019-05-02 23:43:00,0,0,,,,,SAMIP Control,SAMIP_50DB,No Mission,1,0,1,,DLAB_2018-04-12_13-21-41_161_456,DLAB_2018-04-13_10-50-24_513_420,21.8665683323223,1,-14,16.45,4096,-1,0,+INF,0,1,0.108315219111311,65535,0,-NAN,$05 $00 Pixel,$03 $05 Intensity counts,$f0 $05 Error counts,$f1 $00 Status,2
69,1200,0,0,1,95A7_2019-05-02_23-43-00_000_041,SAM_8581,SPECTRUM,RAW,,,2019-05-02 23:43:00,0,0,,,,,SAMIP Control,SAMIP_50DB,No Mission,1,0,1,,DLAB_2018-04-12_13-21-41_161_456,DLAB_2018-04-13_10-50-24_513_420,21.8665683323223,1,-14,16.45,4096,-1,0,+INF,0,1,0.108315219111311,65535,0,-NAN,$05 $00 Pixel,$03 $05 Intensity counts,$f0 $05 Error counts,$f1 $00 Status,2
70,1224,0,0,1,95A7_2019-05-02_23-43-00_000_041,SAM_8581,SPECTRUM,RAW,,,2019-05-02 23:43:00,0,0,,,,,SAMIP Control,SAMIP_50DB,No Mission,1,0,1,,DLAB_2018-04-12_13-21-41_161_456,DLAB_2018-04-13_10-50-24_513_420,21.8665683323223,1,-14,16.45,4096,-1,0,+INF,0,1,0.108315219111311,65535,0,-NAN,$05 $00 Pixel,$03 $05 Intensity counts,$f0 $05 Error counts,$f1 $00 Status,2
71,1240,0,0,1,95A7_2019-05-02_23-43-00_000_041,SAM_8581,SPECTRUM,RAW,,,2019-05-02 23:43:00,0,0,,,,,SAMIP Control,SAMIP_50DB,No Mission,1,0,1,,DLAB_2018-04-12_13-21-41_161_456,DLAB_2018-04-13_10-50-24_513_420,21.8665683323223,1,-14,16.45,4096,-1,0,+INF,0,1,0.108315219111311,65535,0,-NAN,$05 $00 Pixel,$03 $05 Intensity counts,$f0 $05 Error counts,$f1 $00 Status,2
72,1210,0,0,1,95A7_2019-05-02_23-43-00_000_041,SAM_8581,SPECTRUM,RAW,,,2019-05-02 23:43:00,0,0,,,,,SAMIP Control,SAMIP_50DB,No Mission,1,0,1,,DLAB_2018-04-12_13-21-41_161_456,DLAB_2018-04-13_10-50-24_513_420,21.8665683323223,1,-14,16.45,4096,-1,0,+INF,0,1,0.108315219111311,65535,0,-NAN,$05 $00 Pixel,$03 $05 Intensity counts,$f0 $05 Error counts,$f1 $00 Status,2
73,1231,0,0,1,95A7_2019-05-02_23-43-00_000_041,SAM_8581,SPECTRUM,RAW,,,2019-05-02 23:43:00,0,0,,,,,SAMIP Control,SAMIP_50DB,No Mission,1,0,1,,DLAB_2018-04-12_13-21-41_161_456,DLAB_2018-04-13_10-50-24_513_420,21.8665683323223,1,-14,16.45,4096,-1,0,+INF,0,1,0.108315219111311,65535,0,-NAN,$05 $00 Pixel,$03 $05 Intensity counts,$f0 $05 Error counts,$f1 $00 Status,2
74,1224,0,0,1,95A7_2019-05-02_23-43-00_000_041,SAM_8581,SPECTRUM,RAW,,,2019-05-02 23:43:00,0,0,,,,,SAMIP Control,SAMIP_50DB,No Mission,1,0,1,,DLAB_2018-04-12_13-21-41_161_456,DLAB_2018-04-13_10-50-24_513_420,21.8665683323223,1,-14,16.45,4096,-1,0,+INF,0,1,0.108315219111311,65535,0,-NAN,$05 $00 Pixel,$03 $05 Intensity counts,$f0 $05 Error counts,$f1 $00 Status,2
75,1238,0,0,1,95A7_2019-05-02_23-43-00_000_041,SAM_8581,SPECTRUM,RAW,,,2019-05-02 23:43:00,0,0,,,,,SAMIP Control,SAMIP_50DB,No Mission,1,0,1,,DLAB_2018-04-12_13-21-41_161_456,DLAB_2018-04-13_10-50-24_513_420,21.8665683323223,1,-14,16.45,4096,-1,0,+INF,0,1,0.108315219111311,65535,0,-NAN,$05 $00 Pixel,$03 $05 Intensity counts,$f0 $05 Error counts,$f1 $00 Status,2
76,1214,0,0,1,95A7_2019-05-02_23-43-00_000_041,SAM_8581,SPECTRUM,RAW,,,2019-05-02 23:43:00,0,0,,,,,SAMIP Control,SAMIP_50DB,No Mission,1,0,1,,DLAB_2018-04-12_13-21-41_161_456,DLAB_2018-04-13_10-50-24_513_420,21.8665683323223,1,-14,16.45,4096,-1,0,+INF,0,1,0.108315219111311,65535,0,-NAN,$05 $00 Pixel,$03 $05 Intensity counts,$f0 $05 Error counts,$f1 $00 Status,2
77,1235,0,0,1,95A7_2019-05-02_23-43-00_000_041,SAM_8581,SPECTRUM,RAW,,,2019-05-02 23:43:00,0,0,,,,,SAMIP Control,SAMIP_50DB,No Mission,1,0,1,,DLAB_2018-04-12_13-21-41_161_456,DLAB_2018-04-13_10-50-24_513_420,21.8665683323223,1,-14,16.45,4096,-1,0,+INF,0,1,0.108315219111311,65535,0,-NAN,$05 $00 Pixel,$03 $05 Intensity counts,$f0 $05 Error counts,$f1 $00 Status,2
78,1217,0,0,1,95A7_2019-05-02_23-43-00_000_041,SAM_8581,SPECTRUM,RAW,,,2019-05-02 23:43:00,0,0,,,,,SAMIP Control,SAMIP_50DB,No Mission,1,0,1,,DLAB_2018-04-12_13-21-41_161_456,DLAB_2018-04-13_10-50-24_513_420,21.8665683323223,1,-14,16.45,4096,-1,0,+INF,0,1,0.108315219111311,65535,0,-NAN,$05 $00 Pixel,$03 $05 Intensity counts,$f0 $05 Error counts,$f1 $00 Status,2
79,1227,0,0,1,95A7_2019-05-02_23-43-00_000_041,SAM_8581,SPECTRUM,RAW,,,2019-05-02 23:43:00,0,0,,,,,SAMIP Control,SAMIP_50DB,No Mission,1,0,1,,DLAB_2018-04-12_13-21-41_161_456,DLAB_2018-04-13_10-50-24_513_420,21.8665683323223,1,-14,16.45,4096,-1,0,+INF,0,1,0.108315219111311,65535,0,-NAN,$05 $00 Pixel,$03 $05 Intensity counts,$f0 $05 Error counts,$f1 $00 Status,2
80,1234,0,0,1,95A7_2019-05-02_23-43-00_000_041,SAM_8581,SPECTRUM,RAW,,,2019-05-02 23:43:00,0,0,,,,,SAMIP Control,SAMIP_50DB,No Mission,1,0,1,,DLAB_2018-04-12_13-21-41_161_456,DLAB_2018-04-13_10-50-24_513_420,21.8665683323223,1,-14,16.45,4096,-1,0,+INF,0,1,0.108315219111311,65535,0,-NAN,$05 $00 Pixel,$03 $05 Intensity counts,$f0 $05 Error counts,$f1 $00 Status,2
81,1244,0,0,1,95A7_2019-05-02_23-43-00_000_041,SAM_8581,SPECTRUM,RAW,,,2019-05-02 23:43:00,0,0,,,,,SAMIP Control,SAMIP_50DB,No Mission,1,0,1,,DLAB_2018-04-12_13-21-41_161_456,DLAB_2018-04-13_10-50-24_513_420,21.8665683323223,1,-14,16.45,4096,-1,0,+INF,0,1,0.108315219111311,65535,0,-NAN,$05 $00 Pixel,$03 $05 Intensity counts,$f0 $05 Error counts,$f1 $00 Status,2
82,1234,0,0,1,95A7_2019-05-02_23-43-00_000_041,SAM_8581,SPECTRUM,RAW,,,2019-05-02 23:43:00,0,0,,,,,SAMIP Control,SAMIP_50DB,No Mission,1,0,1,,DLAB_2018-04-12_13-21-41_161_456,DLAB_2018-04-13_10-50-24_513_420,21.8665683323223,1,-14,16.45,4096,-1,0,+INF,0,1,0.108315219111311,65535,0,-NAN,$05 $00 Pixel,$03 $05 Intensity counts,$f0 $05 Error counts,$f1 $00 Status,2
83,1247,0,0,1,95A7_2019-05-02_23-43-00_000_041,SAM_8581,SPECTRUM,RAW,,,2019-05-02 23:43:00,0,0,,,,,SAMIP Control,SAMIP_50DB,No Mission,1,0,1,,DLAB_2018-04-12_13-21-41_161_456,DLAB_2018-04-13_10-50-24_513_420,21.8665683323223,1,-14,16.45,4096,-1,0,+INF,0,1,0.108315219111311,65535,0,-NAN,$05 $00 Pixel,$03 $05 Intensity counts,$f0 $05 Error counts,$f1 $00 Status,2
84,1238,0,0,1,95A7_2019-05-02_23-43-00_000_041,SAM_8581,SPECTRUM,RAW,,,2019-05-02 23:43:00,0,0,,,,,SAMIP Control,SAMIP_50DB,No Mission,1,0,1,,DLAB_2018-04-12_13-21-41_161_456,DLAB_2018-04-13_10-50-24_513_420,21.8665683323223,1,-14,16.45,4096,-1,0,+INF,0,1,0.108315219111311,65535,0,-NAN,$05 $00 Pixel,$03 $05 Intensity counts,$f0 $05 Error counts,$f1 $00 Status,2
85,1248,0,0,1,95A7_2019-05-02_23-43-00_000_041,SAM_8581,SPECTRUM,RAW,,,2019-05-02 23:43:00,0,0,,,,,SAMIP Control,SAMIP_50DB,No Mission,1,0,1,,DLAB_2018-04-12_13-21-41_161_456,DLAB_2018-04-13_10-50-24_513_420,21.8665683323223,1,-14,16.45,4096,-1,0,+INF,0,1,0.108315219111311,65535,0,-NAN,$05 $00 Pixel,$03 $05 Intensity counts,$f0 $05 Error counts,$f1 $00 Status,2
86,1210,0,0,1,95A7_2019-05-02_23-43-00_000_041,SAM_8581,SPECTRUM,RAW,,,2019-05-02 23:43:00,0,0,,,,,SAMIP Control,SAMIP_50DB,No Mission,1,0,1,,DLAB_2018-04-12_13-21-41_161_456,DLAB_2018-04-13_10-50-24_513_420,21.8665683323223,1,-14,16.45,4096,-1,0,+INF,0,1,0.108315219111311,65535,0,-NAN,$05 $00 Pixel,$03 $05 Intensity counts,$f0 $05 Error counts,$f1 $00 Status,2
87,1250,0,0,1,95A7_2019-05-02_23-43-00_000_041,SAM_8581,SPECTRUM,RAW,,,2019-05-02 23:43:00,0,0,,,,,SAMIP Control,SAMIP_50DB,No Mission,1,0,1,,DLAB_2018-04-12_13-21-41_161_456,DLAB_2018-04-13_10-50-24_513_420,21.8665683323223,1,-14,16.45,4096,-1,0,+INF,0,1,0.108315219111311,65535,0,-NAN,$05 $00 Pixel,$03 $05 Intensity counts,$f0 $05 Error counts,$f1 $00 Status,2
88,1237,0,0,1,95A7_2019-05-02_23-43-00_000_041,SAM_8581,SPECTRUM,RAW,,,2019-05-02 23:43:00,0,0,,,,,SAMIP Control,SAMIP_50DB,No Mission,1,0,1,,DLAB_2018-04-12_13-21-41_161_456,DLAB_2018-04-13_10-50-24_513_420,21.8665683323223,1,-14,16.45,4096,-1,0,+INF,0,1,0.108315219111311,65535,0,-NAN,$05 $00 Pixel,$03 $05 Intensity counts,$f0 $05 Error counts,$f1 $00 Status,2
89,1242,0,0,1,95A7_2019-05-02_23-43-00_000_041,SAM_8581,SPECTRUM,RAW,,,2019-05-02 23:43:00,0,0,,,,,SAMIP Control,SAMIP_50DB,No Mission,1,0,1,,DLAB_2018-04-12_13-21-41_161_456,DLAB_2018-04-13_10-50-24_513_420,21.8665683323223,1,-14,16.45,4096,-1,0,+INF,0,1,0.108315219111311,65535,0,-NAN,$05 $00 Pixel,$03 $05 Intensity counts,$f0 $05 Error counts,$f1 $00 Status,2
90,1167,0,0,1,95A7_2019-05-02_23-43-00_000_041,SAM_8581,SPECTRUM,RAW,,,2019-05-02 23:43:00,0,0,,,,,SAMIP Control,SAMIP_50DB,No Mission,1,0,1,,DLAB_2018-04-12_13-21-41_161_456,DLAB_2018-04-13_10-50-24_513_420,21.8665683323223,1,-14,16.45,4096,-1,0,+INF,0,1,0.108315219111311,65535,0,-NAN,$05 $00 Pixel,$03 $05 Intensity counts,$f0 $05 Error counts,$f1 $00 Status,2
91,1232,0,0,1,95A7_2019-05-02_23-43-00_000_041,SAM_8581,SPECTRUM,RAW,,,2019-05-02 23:43:00,0,0,,,,,SAMIP Control,SAMIP_50DB,No Mission,1,0,1,,DLAB_2018-04-12_13-21-41_161_456,DLAB_2018-04-13_10-50-24_513_420,21.8665683323223,1,-14,16.45,4096,-1,0,+INF,0,1,0.108315219111311,65535,0,-NAN,$05 $00 Pixel,$03 $05 Intensity counts,$f0 $05 Error counts,$f1 $00 Status,2
92,1224,0,0,1,95A7_2019-05-02_23-43-00_000_041,SAM_8581,SPECTRUM,RAW,,,2019-05-02 23:43:00,0,0,,,,,SAMIP Control,SAMIP_50DB,No Mission,1,0,1,,DLAB_2018-04-12_13-21-41_161_456,DLAB_2018-04-13_10-50-24_513_420,21.8665683323223,1,-14,16.45,4096,-1,0,+INF,0,1,0.108315219111311,65535,0,-NAN,$05 $00 Pixel,$03 $05 Intensity counts,$f0 $05 Error counts,$f1 $00 Status,2
93,1212,0,0,1,95A7_2019-05-02_23-43-00_000_041,SAM_8581,SPECTRUM,RAW,,,2019-05-02 23:43:00,0,0,,,,,SAMIP Control,SAMIP_50DB,No Mission,1,0,1,,DLAB_2018-04-12_13-21-41_161_456,DLAB_2018-04-13_10-50-24_513_420,21.8665683323223,1,-14,16.45,4096,-1,0,+INF,0,1,0.108315219111311,65535,0,-NAN,$05 $00 Pixel,$03 $05 Intensity counts,$f0 $05 Error counts,$f1 $00 Status,2
94,1252,0,0,1,95A7_2019-05-02_23-43-00_000_041,SAM_8581,SPECTRUM,RAW,,,2019-05-02 23:43:00,0,0,,,,,SAMIP Control,SAMIP_50DB,No Mission,1,0,1,,DLAB_2018-04-12_13-21-41_161_456,DLAB_2018-04-13_10-50-24_513_420,21.8665683323223,1,-14,16.45,4096,-1,0,+INF,0,1,0.108315219111311,65535,0,-NAN,$05 $00 Pixel,$03 $05 Intensity counts,$f0 $05 Error counts,$f1 $00 Status,2
95,1235,0,0,1,95A7_2019-05-02_23-43-00_000_041,SAM_8581,SPECTRUM,RAW,,,2019-05-02 23:43:00,0,0,,,,,SAMIP Control,SAMIP_50DB,No Mission,1,0,1,,DLAB_2018-04-12_13-21-41_161_456,DLAB_2018-04-13_10-50-24_513_420,21.8665683323223,1,-14,16.45,4096,-1,0,+INF,0,1,0.108315219111311,65535,0,-NAN,$05 $00 Pixel,$03 $05 Intensity counts,$f0 $05 Error counts,$f1 $00 Status,2
96,1228,0,0,1,95A7_2019-05-02_23-43-00_000_041,SAM_8581,SPECTRUM,RAW,,,2019-05-02 23:43:00,0,0,,,,,SAMIP Control,SAMIP_50DB,No Mission,1,0,1,,DLAB_2018-04-12_13-21-41_161_456,DLAB_2018-04-13_10-50-24_513_420,21.8665683323223,1,-14,16.45,4096,-1,0,+INF,0,1,0.108315219111311,65535,0,-NAN,$05 $00 Pixel,$03 $05 Intensity counts,$f0 $05 Error counts,$f1 $00 Status,2
97,1237,0,0,1,95A7_2019-05-02_23-43-00_000_041,SAM_8581,SPECTRUM,RAW,,,2019-05-02 23:43:00,0,0,,,,,SAMIP Control,SAMIP_50DB,No Mission,1,0,1,,DLAB_2018-04-12_13-21-41_161_456,DLAB_2018-04-13_10-50-24_513_420,21.8665683323223,1,-14,16.45,4096,-1,0,+INF,0,1,0.108315219111311,65535,0,-NAN,$05 $00 Pixel,$03 $05 Intensity counts,$f0 $05 Error counts,$f1 $00 Status,2
98,1228,0,0,1,95A7_2019-05-02_23-43-00_000_041,SAM_8581,SPECTRUM,RAW,,,2019-05-02 23:43:00,0,0,,,,,SAMIP Control,SAMIP_50DB,No Mission,1,0,1,,DLAB_2018-04-12_13-21-41_161_456,DLAB_2018-04-13_10-50-24_513_420,21.8665683323223,1,-14,16.45,4096,-1,0,+INF,0,1,0.108315219111311,65535,0,-NAN,$05 $00 Pixel,$03 $05 Intensity counts,$f0 $05 Error counts,$f1 $00 Status,2
99,1217,0,0,1,95A7_2019-05-02_23-43-00_000_041,SAM_8581,SPECTRUM,RAW,,,2019-05-02 23:43:00,0,0,,,,,SAMIP Control,SAMIP_50DB,No Mission,1,0,1,,DLAB_2018-04-12_13-21-41_161_456,DLAB_2018-04-13_10-50-24_513_420,21.8665683323223,1,-14,16.45,4096,-1,0,+INF,0,1,0.108315219111311,65535,0,-NAN,$05 $00 Pixel,$03 $05 Intensity counts,$f0 $05 Error counts,$f1 $00 Status,2
100,1218,0,0,1,95A7_2019-05-02_23-43-00_000_041,SAM_8581,SPECTRUM,RAW,,,2019-05-02 23:43:00,0,0,,,,,SAMIP Control,SAMIP_50DB,No Mission,1,0,1,,DLAB_2018-04-12_13-21-41_161_456,DLAB_2018-04-13_10-50-24_513_420,21.8665683323223,1,-14,16.45,4096,-1,0,+INF,0,1,0.108315219111311,65535,0,-NAN,$05 $00 Pixel,$03 $05 Intensity counts,$f0 $05 Error counts,$f1 $00 Status,2
101,1218,0,0,1,95A7_2019-05-02_23-43-00_000_041,SAM_8581,SPECTRUM,RAW,,,2019-05-02 23:43:00,0,0,,,,,SAMIP Control,SAMIP_50DB,No Mission,1,0,1,,DLAB_2018-04-12_13-21-41_161_456,DLAB_2018-04-13_10-50-24_513_420,21.8665683323223,1,-14,16.45,4096,-1,0,+INF,0,1,0.108315219111311,65535,0,-NAN,$05 $00 Pixel,$03 $05 Intensity counts,$f0 $05 Error counts,$f1 $00 Status,2
102,1237,0,0,1,95A7_2019-05-02_23-43-00_000_041,SAM_8581,SPECTRUM,RAW,,,2019-05-02 23:43:00,0,0,,,,,SAMIP Control,SAMIP_50DB,No Mission,1,0,1,,DLAB_2018-04-12_13-21-41_161_456,DLAB_2018-04-13_10-50-24_513_420,21.8665683323223,1,-14,16.45,4096,-1,0,+INF,0,1,0.108315219111311,65535,0,-NAN,$05 $00 Pixel,$03 $05 Intensity counts,$f0 $05 Error counts,$f1 $00 Status,2
103,1235,0,0,1,95A7_2019-05-02_23-43-00_000_041,SAM_8581,SPECTRUM,RAW,,,2019-05-02 23:43:00,0,0,,,,,SAMIP Control,SAMIP_50DB,No Mission,1,0,1,,DLAB_2018-04-12_13-21-41_161_456,DLAB_2018-04-13_10-50-24_513_420,21.8665683323223,1,-14,16.45,4096,-1,0,+INF,0,1,0.108315219111311,65535,0,-NAN,$05 $00 Pixel,$03 $05 Intensity counts,$f0 $05 Error counts,$f1 $00 Status,2
104,1272,0,0,1,95A7_2019-05-02_23-43-00_000_041,SAM_8581,SPECTRUM,RAW,,,2019-05-02 23:43:00,0,0,,,,,SAMIP Control,SAMIP_50DB,No Mission,1,0,1,,DLAB_2018-04-12_13-21-41_161_456,DLAB_2018-04-13_10-50-24_513_420,21.8665683323223,1,-14,16.45,4096,-1,0,+INF,0,1,0.108315219111311,65535,0,-NAN,$05 $00 Pixel,$03 $05 Intensity counts,$f0 $05 Error counts,$f1 $00 Status,2
105,1256,0,0,1,95A7_2019-05-02_23-43-00_000_041,SAM_8581,SPECTRUM,RAW,,,2019-05-02 23:43:00,0,0,,,,,SAMIP Control,SAMIP_50DB,No Mission,1,0,1,,DLAB_2018-04-12_13-21-41_161_456,DLAB_2018-04-13_10-50-24_513_420,21.8665683323223,1,-14,16.45,4096,-1,0,+INF,0,1,0.108315219111311,65535,0,-NAN,$05 $00 Pixel,$03 $05 Intensity counts,$f0 $05 Error counts,$f1 $00 Status,2
106,1268,0,0,1,95A7_2019-05-02_23-43-00_000_041,SAM_8581,SPECTRUM,RAW,,,2019-05-02 23:43:00,0,0,,,,,SAMIP Control,SAMIP_50DB,No Mission,1,0,1,,DLAB_2018-04-12_13-21-41_161_456,DLAB_2018-04-13_10-50-24_513_420,21.8665683323223,1,-14,16.45,4096,-1,0,+INF,0,1,0.108315219111311,65535,0,-NAN,$05 $00 Pixel,$03 $05 Intensity counts,$f0 $05 Error counts,$f1 $00 Status,2
107,1222,0,0,1,95A7_2019-05-02_23-43-00_000_041,SAM_8581,SPECTRUM,RAW,,,2019-05-02 23:43:00,0,0,,,,,SAMIP Control,SAMIP_50DB,No Mission,1,0,1,,DLAB_2018-04-12_13-21-41_161_456,DLAB_2018-04-13_10-50-24_513_420,21.8665683323223,1,-14,16.45,4096,-1,0,+INF,0,1,0.108315219111311,65535,0,-NAN,$05 $00 Pixel,$03 $05 Intensity counts,$f0 $05 Error counts,$f1 $00 Status,2
108,1235,0,0,1,95A7_2019-05-02_23-43-00_000_041,SAM_8581,SPECTRUM,RAW,,,2019-05-02 23:43:00,0,0,,,,,SAMIP Control,SAMIP_50DB,No Mission,1,0,1,,DLAB_2018-04-12_13-21-41_161_456,DLAB_2018-04-13_10-50-24_513_420,21.8665683323223,1,-14,16.45,4096,-1,0,+INF,0,1,0.108315219111311,65535,0,-NAN,$05 $00 Pixel,$03 $05 Intensity counts,$f0 $05 Error counts,$f1 $00 Status,2
109,1223,0,0,1,95A7_2019-05-02_23-43-00_000_041,SAM_8581,SPECTRUM,RAW,,,2019-05-02 23:43:00,0,0,,,,,SAMIP Control,SAMIP_50DB,No Mission,1,0,1,,DLAB_2018-04-12_13-21-41_161_456,DLAB_2018-04-13_10-50-24_513_420,21.8665683323223,1,-14,16.45,4096,-1,0,+INF,0,1,0.108315219111311,65535,0,-NAN,$05 $00 Pixel,$03 $05 Intensity counts,$f0 $05 Error counts,$f1 $00 Status,2
110,1234,0,0,1,95A7_2019-05-02_23-43-00_000_041,SAM_8581,SPECTRUM,RAW,,,2019-05-02 23:43:00,0,0,,,,,SAMIP Control,SAMIP_50DB,No Mission,1,0,1,,DLAB_2018-04-12_13-21-41_161_456,DLAB_2018-04-13_10-50-24_513_420,21.8665683323223,1,-14,16.45,4096,-1,0,+INF,0,1,0.108315219111311,65535,0,-NAN,$05 $00 Pixel,$03 $05 Intensity counts,$f0 $05 Error counts,$f1 $00 Status,2
111,1242,0,0,1,95A7_2019-05-02_23-43-00_000_041,SAM_8581,SPECTRUM,RAW,,,2019-05-02 23:43:00,0,0,,,,,SAMIP Control,SAMIP_50DB,No Mission,1,0,1,,DLAB_2018-04-12_13-21-41_161_456,DLAB_2018-04-13_10-50-24_513_420,21.8665683323223,1,-14,16.45,4096,-1,0,+INF,0,1,0.108315219111311,65535,0,-NAN,$05 $00 Pixel,$03 $05 Intensity counts,$f0 $05 Error counts,$f1 $00 Status,2
112,1236,0,0,1,95A7_2019-05-02_23-43-00_000_041,SAM_8581,SPECTRUM,RAW,,,2019-05-02 23:43:00,0,0,,,,,SAMIP Control,SAMIP_50DB,No Mission,1,0,1,,DLAB_2018-04-12_13-21-41_161_456,DLAB_2018-04-13_10-50-24_513_420,21.8665683323223,1,-14,16.45,4096,-1,0,+INF,0,1,0.108315219111311,65535,0,-NAN,$05 $00 Pixel,$03 $05 Intensity counts,$f0 $05 Error counts,$f1 $00 Status,2
113,1228,0,0,1,95A7_2019-05-02_23-43-00_000_041,SAM_8581,SPECTRUM,RAW,,,2019-05-02 23:43:00,0,0,,,,,SAMIP Control,SAMIP_50DB,No Mission,1,0,1,,DLAB_2018-04-12_13-21-41_161_456,DLAB_2018-04-13_10-50-24_513_420,21.8665683323223,1,-14,16.45,4096,-1,0,+INF,0,1,0.108315219111311,65535,0,-NAN,$05 $00 Pixel,$03 $05 Intensity counts,$f0 $05 Error counts,$f1 $00 Status,2
114,1250,0,0,1,95A7_2019-05-02_23-43-00_000_041,SAM_8581,SPECTRUM,RAW,,,2019-05-02 23:43:00,0,0,,,,,SAMIP Control,SAMIP_50DB,No Mission,1,0,1,,DLAB_2018-04-12_13-21-41_161_456,DLAB_2018-04-13_10-50-24_513_420,21.8665683323223,1,-14,16.45,4096,-1,0,+INF,0,1,0.108315219111311,65535,0,-NAN,$05 $00 Pixel,$03 $05 Intensity counts,$f0 $05 Error counts,$f1 $00 Status,2
115,1230,0,0,1,95A7_2019-05-02_23-43-00_000_041,SAM_8581,SPECTRUM,RAW,,,2019-05-02 23:43:00,0,0,,,,,SAMIP Control,SAMIP_50DB,No Mission,1,0,1,,DLAB_2018-04-12_13-21-41_161_456,DLAB_2018-04-13_10-50-24_513_420,21.8665683323223,1,-14,16.45,4096,-1,0,+INF,0,1,0.108315219111311,65535,0,-NAN,$05 $00 Pixel,$03 $05 Intensity counts,$f0 $05 Error counts,$f1 $00 Status,2
116,1235,0,0,1,95A7_2019-05-02_23-43-00_000_041,SAM_8581,SPECTRUM,RAW,,,2019-05-02 23:43:00,0,0,,,,,SAMIP Control,SAMIP_50DB,No Mission,1,0,1,,DLAB_2018-04-12_13-21-41_161_456,DLAB_2018-04-13_10-50-24_513_420,21.8665683323223,1,-14,16.45,4096,-1,0,+INF,0,1,0.108315219111311,65535,0,-NAN,$05 $00 Pixel,$03 $05 Intensity counts,$f0 $05 Error counts,$f1 $00 Status,2
117,1230,0,0,1,95A7_2019-05-02_23-43-00_000_041,SAM_8581,SPECTRUM,RAW,,,2019-05-02 23:43:00,0,0,,,,,SAMIP Control,SAMIP_50DB,No Mission,1,0,1,,DLAB_2018-04-12_13-21-41_161_456,DLAB_2018-04-13_10-50-24_513_420,21.8665683323223,1,-14,16.45,4096,-1,0,+INF,0,1,0.108315219111311,65535,0,-NAN,$05 $00 Pixel,$03 $05 Intensity counts,$f0 $05 Error counts,$f1 $00 Status,2
118,1226,0,0,1,95A7_2019-05-02_23-43-00_000_041,SAM_8581,SPECTRUM,RAW,,,2019-05-02 23:43:00,0,0,,,,,SAMIP Control,SAMIP_50DB,No Mission,1,0,1,,DLAB_2018-04-12_13-21-41_161_456,DLAB_2018-04-13_10-50-24_513_420,21.8665683323223,1,-14,16.45,4096,-1,0,+INF,0,1,0.108315219111311,65535,0,-NAN,$05 $00 Pixel,$03 $05 Intensity counts,$f0 $05 Error counts,$f1 $00 Status,2
119,1232,0,0,1,95A7_2019-05-02_23-43-00_000_041,SAM_8581,SPECTRUM,RAW,,,2019-05-02 23:43:00,0,0,,,,,SAMIP Control,SAMIP_50DB,No Mission,1,0,1,,DLAB_2018-04-12_13-21-41_161_456,DLAB_2018-04-13_10-50-24_513_420,21.8665683323223,1,-14,16.45,4096,-1,0,+INF,0,1,0.108315219111311,65535,0,-NAN,$05 $00 Pixel,$03 $05 Intensity counts,$f0 $05 Error counts,$f1 $00 Status,2
120,1245,0,0,1,95A7_2019-05-02_23-43-00_000_041,SAM_8581,SPECTRUM,RAW,,,2019-05-02 23:43:00,0,0,,,,,SAMIP Control,SAMIP_50DB,No Mission,1,0,1,,DLAB_2018-04-12_13-21-41_161_456,DLAB_2018-04-13_10-50-24_513_420,21.8665683323223,1,-14,16.45,4096,-1,0,+INF,0,1,0.108315219111311,65535,0,-NAN,$05 $00 Pixel,$03 $05 Intensity counts,$f0 $05 Error counts,$f1 $00 Status,2
121,1230,0,0,1,95A7_2019-05-02_23-43-00_000_041,SAM_8581,SPECTRUM,RAW,,,2019-05-02 23:43:00,0,0,,,,,SAMIP Control,SAMIP_50DB,No Mission,1,0,1,,DLAB_2018-04-12_13-21-41_161_456,DLAB_2018-04-13_10-50-24_513_420,21.8665683323223,1,-14,16.45,4096,-1,0,+INF,0,1,0.108315219111311,65535,0,-NAN,$05 $00 Pixel,$03 $05 Intensity counts,$f0 $05 Error counts,$f1 $00 Status,2
122,1225,0,0,1,95A7_2019-05-02_23-43-00_000_041,SAM_8581,SPECTRUM,RAW,,,2019-05-02 23:43:00,0,0,,,,,SAMIP Control,SAMIP_50DB,No Mission,1,0,1,,DLAB_2018-04-12_13-21-41_161_456,DLAB_2018-04-13_10-50-24_513_420,21.8665683323223,1,-14,16.45,4096,-1,0,+INF,0,1,0.108315219111311,65535,0,-NAN,$05 $00 Pixel,$03 $05 Intensity counts,$f0 $05 Error counts,$f1 $00 Status,2
123,1224,0,0,1,95A7_2019-05-02_23-43-00_000_041,SAM_8581,SPECTRUM,RAW,,,2019-05-02 23:43:00,0,0,,,,,SAMIP Control,SAMIP_50DB,No Mission,1,0,1,,DLAB_2018-04-12_13-21-41_161_456,DLAB_2018-04-13_10-50-24_513_420,21.8665683323223,1,-14,16.45,4096,-1,0,+INF,0,1,0.108315219111311,65535,0,-NAN,$05 $00 Pixel,$03 $05 Intensity counts,$f0 $05 Error counts,$f1 $00 Status,2
124,1232,0,0,1,95A7_2019-05-02_23-43-00_000_041,SAM_8581,SPECTRUM,RAW,,,2019-05-02 23:43:00,0,0,,,,,SAMIP Control,SAMIP_50DB,No Mission,1,0,1,,DLAB_2018-04-12_13-21-41_161_456,DLAB_2018-04-13_10-50-24_513_420,21.8665683323223,1,-14,16.45,4096,-1,0,+INF,0,1,0.108315219111311,65535,0,-NAN,$05 $00 Pixel,$03 $05 Intensity counts,$f0 $05 Error counts,$f1 $00 Status,2
125,1238,0,0,1,95A7_2019-05-02_23-43-00_000_041,SAM_8581,SPECTRUM,RAW,,,2019-05-02 23:43:00,0,0,,,,,SAMIP Control,SAMIP_50DB,No Mission,1,0,1,,DLAB_2018-04-12_13-21-41_161_456,DLAB_2018-04-13_10-50-24_513_420,21.8665683323223,1,-14,16.45,4096,-1,0,+INF,0,1,0.108315219111311,65535,0,-NAN,$05 $00 Pixel,$03 $05 Intensity counts,$f0 $05 Error counts,$f1 $00 Status,2
126,1253,0,0,1,95A7_2019-05-02_23-43-00_000_041,SAM_8581,SPECTRUM,RAW,,,2019-05-02 23:43:00,0,0,,,,,SAMIP Control,SAMIP_50DB,No Mission,1,0,1,,DLAB_2018-04-12_13-21-41_161_456,DLAB_2018-04-13_10-50-24_513_420,21.8665683323223,1,-14,16.45,4096,-1,0,+INF,0,1,0.108315219111311,65535,0,-NAN,$05 $00 Pixel,$03 $05 Intensity counts,$f0 $05 Error counts,$f1 $00 Status,2
127,1253,0,0,1,95A7_2019-05-02_23-43-00_000_041,SAM_8581,SPECTRUM,RAW,,,2019-05-02 23:43:00,0,0,,,,,SAMIP Control,SAMIP_50DB,No Mission,1,0,1,,DLAB_2018-04-12_13-21-41_161_456,DLAB_2018-04-13_10-50-24_513_420,21.8665683323223,1,-14,16.45,4096,-1,0,+INF,0,1,0.108315219111311,65535,0,-NAN,$05 $00 Pixel,$03 $05 Intensity counts,$f0 $05 Error counts,$f1 $00 Status,2
128,1229,0,0,1,95A7_2019-05-02_23-43-00_000_041,SAM_8581,SPECTRUM,RAW,,,2019-05-02 23:43:00,0,0,,,,,SAMIP Control,SAMIP_50DB,No Mission,1,0,1,,DLAB_2018-04-12_13-21-41_161_456,DLAB_2018-04-13_10-50-24_513_420,21.8665683323223,1,-14,16.45,4096,-1,0,+INF,0,1,0.108315219111311,65535,0,-NAN,$05 $00 Pixel,$03 $05 Intensity counts,$f0 $05 Error counts,$f1 $00 Status,2
129,1232,0,0,1,95A7_2019-05-02_23-43-00_000_041,SAM_8581,SPECTRUM,RAW,,,2019-05-02 23:43:00,0,0,,,,,SAMIP Control,SAMIP_50DB,No Mission,1,0,1,,DLAB_2018-04-12_13-21-41_161_456,DLAB_2018-04-13_10-50-24_513_420,21.8665683323223,1,-14,16.45,4096,-1,0,+INF,0,1,0.108315219111311,65535,0,-NAN,$05 $00 Pixel,$03 $05 Intensity counts,$f0 $05 Error counts,$f1 $00 Status,2
130,1212,0,0,1,95A7_2019-05-02_23-43-00_000_041,SAM_8581,SPECTRUM,RAW,,,2019-05-02 23:43:00,0,0,,,,,SAMIP Control,SAMIP_50DB,No Mission,1,0,1,,DLAB_2018-04-12_13-21-41_161_456,DLAB_2018-04-13_10-50-24_513_420,21.8665683323223,1,-14,16.45,4096,-1,0,+INF,0,1,0.108315219111311,65535,0,-NAN,$05 $00 Pixel,$03 $05 Intensity counts,$f0 $05 Error counts,$f1 $00 Status,2
131,1457,0,0,1,95A7_2019-05-02_23-43-00_000_041,SAM_8581,SPECTRUM,RAW,,,2019-05-02 23:43:00,0,0,,,,,SAMIP Control,SAMIP_50DB,No Mission,1,0,1,,DLAB_2018-04-12_13-21-41_161_456,DLAB_2018-04-13_10-50-24_513_420,21.8665683323223,1,-14,16.45,4096,-1,0,+INF,0,1,0.108315219111311,65535,0,-NAN,$05 $00 Pixel,$03 $05 Intensity counts,$f0 $05 Error counts,$f1 $00 Status,2
132,1244,0,0,1,95A7_2019-05-02_23-43-00_000_041,SAM_8581,SPECTRUM,RAW,,,2019-05-02 23:43:00,0,0,,,,,SAMIP Control,SAMIP_50DB,No Mission,1,0,1,,DLAB_2018-04-12_13-21-41_161_456,DLAB_2018-04-13_10-50-24_513_420,21.8665683323223,1,-14,16.45,4096,-1,0,+INF,0,1,0.108315219111311,65535,0,-NAN,$05 $00 Pixel,$03 $05 Intensity counts,$f0 $05 Error counts,$f1 $00 Status,2
133,1249,0,0,1,95A7_2019-05-02_23-43-00_000_041,SAM_8581,SPECTRUM,RAW,,,2019-05-02 23:43:00,0,0,,,,,SAMIP Control,SAMIP_50DB,No Mission,1,0,1,,DLAB_2018-04-12_13-21-41_161_456,DLAB_2018-04-13_10-50-24_513_420,21.8665683323223,1,-14,16.45,4096,-1,0,+INF,0,1,0.108315219111311,65535,0,-NAN,$05 $00 Pixel,$03 $05 Intensity counts,$f0 $05 Error counts,$f1 $00 Status,2
134,1239,0,0,1,95A7_2019-05-02_23-43-00_000_041,SAM_8581,SPECTRUM,RAW,,,2019-05-02 23:43:00,0,0,,,,,SAMIP Control,SAMIP_50DB,No Mission,1,0,1,,DLAB_2018-04-12_13-21-41_161_456,DLAB_2018-04-13_10-50-24_513_420,21.8665683323223,1,-14,16.45,4096,-1,0,+INF,0,1,0.108315219111311,65535,0,-NAN,$05 $00 Pixel,$03 $05 Intensity counts,$f0 $05 Error counts,$f1 $00 Status,2
135,1240,0,0,1,95A7_2019-05-02_23-43-00_000_041,SAM_8581,SPECTRUM,RAW,,,2019-05-02 23:43:00,0,0,,,,,SAMIP Control,SAMIP_50DB,No Mission,1,0,1,,DLAB_2018-04-12_13-21-41_161_456,DLAB_2018-04-13_10-50-24_513_420,21.8665683323223,1,-14,16.45,4096,-1,0,+INF,0,1,0.108315219111311,65535,0,-NAN,$05 $00 Pixel,$03 $05 Intensity counts,$f0 $05 Error counts,$f1 $00 Status,2
136,1217,0,0,1,95A7_2019-05-02_23-43-00_000_041,SAM_8581,SPECTRUM,RAW,,,2019-05-02 23:43:00,0,0,,,,,SAMIP Control,SAMIP_50DB,No Mission,1,0,1,,DLAB_2018-04-12_13-21-41_161_456,DLAB_2018-04-13_10-50-24_513_420,21.8665683323223,1,-14,16.45,4096,-1,0,+INF,0,1,0.108315219111311,65535,0,-NAN,$05 $00 Pixel,$03 $05 Intensity counts,$f0 $05 Error counts,$f1 $00 Status,2
137,1221,0,0,1,95A7_2019-05-02_23-43-00_000_041,SAM_8581,SPECTRUM,RAW,,,2019-05-02 23:43:00,0,0,,,,,SAMIP Control,SAMIP_50DB,No Mission,1,0,1,,DLAB_2018-04-12_13-21-41_161_456,DLAB_2018-04-13_10-50-24_513_420,21.8665683323223,1,-14,16.45,4096,-1,0,+INF,0,1,0.108315219111311,65535,0,-NAN,$05 $00 Pixel,$03 $05 Intensity counts,$f0 $05 Error counts,$f1 $00 Status,2
138,1052,0,0,1,95A7_2019-05-02_23-43-00_000_041,SAM_8581,SPECTRUM,RAW,,,2019-05-02 23:43:00,0,0,,,,,SAMIP Control,SAMIP_50DB,No Mission,1,0,1,,DLAB_2018-04-12_13-21-41_161_456,DLAB_2018-04-13_10-50-24_513_420,21.8665683323223,1,-14,16.45,4096,-1,0,+INF,0,1,0.108315219111311,65535,0,-NAN,$05 $00 Pixel,$03 $05 Intensity counts,$f0 $05 Error counts,$f1 $00 Status,2
139,1182,0,0,1,95A7_2019-05-02_23-43-00_000_041,SAM_8581,SPECTRUM,RAW,,,2019-05-02 23:43:00,0,0,,,,,SAMIP Control,SAMIP_50DB,No Mission,1,0,1,,DLAB_2018-04-12_13-21-41_161_456,DLAB_2018-04-13_10-50-24_513_420,21.8665683323223,1,-14,16.45,4096,-1,0,+INF,0,1,0.108315219111311,65535,0,-NAN,$05 $00 Pixel,$03 $05 Intensity counts,$f0 $05 Error counts,$f1 $00 Status,2
140,1200,0,0,1,95A7_2019-05-02_23-43-00_000_041,SAM_8581,SPECTRUM,RAW,,,2019-05-02 23:43:00,0,0,,,,,SAMIP Control,SAMIP_50DB,No Mission,1,0,1,,DLAB_2018-04-12_13-21-41_161_456,DLAB_2018-04-13_10-50-24_513_420,21.8665683323223,1,-14,16.45,4096,-1,0,+INF,0,1,0.108315219111311,65535,0,-NAN,$05 $00 Pixel,$03 $05 Intensity counts,$f0 $05 Error counts,$f1 $00 Status,2
141,1218,0,0,1,95A7_2019-05-02_23-43-00_000_041,SAM_8581,SPECTRUM,RAW,,,2019-05-02 23:43:00,0,0,,,,,SAMIP Control,SAMIP_50DB,No Mission,1,0,1,,DLAB_2018-04-12_13-21-41_161_456,DLAB_2018-04-13_10-50-24_513_420,21.8665683323223,1,-14,16.45,4096,-1,0,+INF,0,1,0.108315219111311,65535,0,-NAN,$05 $00 Pixel,$03 $05 Intensity counts,$f0 $05 Error counts,$f1 $00 Status,2
142,1240,0,0,1,95A7_2019-05-02_23-43-00_000_041,SAM_8581,SPECTRUM,RAW,,,2019-05-02 23:43:00,0,0,,,,,SAMIP Control,SAMIP_50DB,No Mission,1,0,1,,DLAB_2018-04-12_13-21-41_161_456,DLAB_2018-04-13_10-50-24_513_420,21.8665683323223,1,-14,16.45,4096,-1,0,+INF,0,1,0.108315219111311,65535,0,-NAN,$05 $00 Pixel,$03 $05 Intensity counts,$f0 $05 Error counts,$f1 $00 Status,2
143,1202,0,0,1,95A7_2019-05-02_23-43-00_000_041,SAM_8581,SPECTRUM,RAW,,,2019-05-02 23:43:00,0,0,,,,,SAMIP Control,SAMIP_50DB,No Mission,1,0,1,,DLAB_2018-04-12_13-21-41_161_456,DLAB_2018-04-13_10-50-24_513_420,21.8665683323223,1,-14,16.45,4096,-1,0,+INF,0,1,0.108315219111311,65535,0,-NAN,$05 $00 Pixel,$03 $05 Intensity counts,$f0 $05 Error counts,$f1 $00 Status,2
144,1228,0,0,1,95A7_2019-05-02_23-43-00_000_041,SAM_8581,SPECTRUM,RAW,,,2019-05-02 23:43:00,0,0,,,,,SAMIP Control,SAMIP_50DB,No Mission,1,0,1,,DLAB_2018-04-12_13-21-41_161_456,DLAB_2018-04-13_10-50-24_513_420,21.8665683323223,1,-14,16.45,4096,-1,0,+INF,0,1,0.108315219111311,65535,0,-NAN,$05 $00 Pixel,$03 $05 Intensity counts,$f0 $05 Error counts,$f1 $00 Status,2
145,1203,0,0,1,95A7_2019-05-02_23-43-00_000_041,SAM_8581,SPECTRUM,RAW,,,2019-05-02 23:43:00,0,0,,,,,SAMIP Control,SAMIP_50DB,No Mission,1,0,1,,DLAB_2018-04-12_13-21-41_161_456,DLAB_2018-04-13_10-50-24_513_420,21.8665683323223,1,-14,16.45,4096,-1,0,+INF,0,1,0.108315219111311,65535,0,-NAN,$05 $00 Pixel,$03 $05 Intensity counts,$f0 $05 Error counts,$f1 $00 Status,2
146,1242,0,0,1,95A7_2019-05-02_23-43-00_000_041,SAM_8581,SPECTRUM,RAW,,,2019-05-02 23:43:00,0,0,,,,,SAMIP Control,SAMIP_50DB,No Mission,1,0,1,,DLAB_2018-04-12_13-21-41_161_456,DLAB_2018-04-13_10-50-24_513_420,21.8665683323223,1,-14,16.45,4096,-1,0,+INF,0,1,0.108315219111311,65535,0,-NAN,$05 $00 Pixel,$03 $05 Intensity counts,$f0 $05 Error counts,$f1 $00 Status,2
147,1219,0,0,1,95A7_2019-05-02_23-43-00_000_041,SAM_8581,SPECTRUM,RAW,,,2019-05-02 23:43:00,0,0,,,,,SAMIP Control,SAMIP_50DB,No Mission,1,0,1,,DLAB_2018-04-12_13-21-41_161_456,DLAB_2018-04-13_10-50-24_513_420,21.8665683323223,1,-14,16.45,4096,-1,0,+INF,0,1,0.108315219111311,65535,0,-NAN,$05 $00 Pixel,$03 $05 Intensity counts,$f0 $05 Error counts,$f1 $00 Status,2
148,1256,0,0,1,95A7_2019-05-02_23-43-00_000_041,SAM_8581,SPECTRUM,RAW,,,2019-05-02 23:43:00,0,0,,,,,SAMIP Control,SAMIP_50DB,No Mission,1,0,1,,DLAB_2018-04-12_13-21-41_161_456,DLAB_2018-04-13_10-50-24_513_420,21.8665683323223,1,-14,16.45,4096,-1,0,+INF,0,1,0.108315219111311,65535,0,-NAN,$05 $00 Pixel,$03 $05 Intensity counts,$f0 $05 Error counts,$f1 $00 Status,2
149,1232,0,0,1,95A7_2019-05-02_23-43-00_000_041,SAM_8581,SPECTRUM,RAW,,,2019-05-02 23:43:00,0,0,,,,,SAMIP Control,SAMIP_50DB,No Mission,1,0,1,,DLAB_2018-04-12_13-21-41_161_456,DLAB_2018-04-13_10-50-24_513_420,21.8665683323223,1,-14,16.45,4096,-1,0,+INF,0,1,0.108315219111311,65535,0,-NAN,$05 $00 Pixel,$03 $05 Intensity counts,$f0 $05 Error counts,$f1 $00 Status,2
150,1219,0,0,1,95A7_2019-05-02_23-43-00_000_041,SAM_8581,SPECTRUM,RAW,,,2019-05-02 23:43:00,0,0,,,,,SAMIP Control,SAMIP_50DB,No Mission,1,0,1,,DLAB_2018-04-12_13-21-41_161_456,DLAB_2018-04-13_10-50-24_513_420,21.8665683323223,1,-14,16.45,4096,-1,0,+INF,0,1,0.108315219111311,65535,0,-NAN,$05 $00 Pixel,$03 $05 Intensity counts,$f0 $05 Error counts,$f1 $00 Status,2
151,1241,0,0,1,95A7_2019-05-02_23-43-00_000_041,SAM_8581,SPECTRUM,RAW,,,2019-05-02 23:43:00,0,0,,,,,SAMIP Control,SAMIP_50DB,No Mission,1,0,1,,DLAB_2018-04-12_13-21-41_161_456,DLAB_2018-04-13_10-50-24_513_420,21.8665683323223,1,-14,16.45,4096,-1,0,+INF,0,1,0.108315219111311,65535,0,-NAN,$05 $00 Pixel,$03 $05 Intensity counts,$f0 $05 Error counts,$f1 $00 Status,2
152,1222,0,0,1,95A7_2019-05-02_23-43-00_000_041,SAM_8581,SPECTRUM,RAW,,,2019-05-02 23:43:00,0,0,,,,,SAMIP Control,SAMIP_50DB,No Mission,1,0,1,,DLAB_2018-04-12_13-21-41_161_456,DLAB_2018-04-13_10-50-24_513_420,21.8665683323223,1,-14,16.45,4096,-1,0,+INF,0,1,0.108315219111311,65535,0,-NAN,$05 $00 Pixel,$03 $05 Intensity counts,$f0 $05 Error counts,$f1 $00 Status,2
153,1237,0,0,1,95A7_2019-05-02_23-43-00_000_041,SAM_8581,SPECTRUM,RAW,,,2019-05-02 23:43:00,0,0,,,,,SAMIP Control,SAMIP_50DB,No Mission,1,0,1,,DLAB_2018-04-12_13-21-41_161_456,DLAB_2018-04-13_10-50-24_513_420,21.8665683323223,1,-14,16.45,4096,-1,0,+INF,0,1,0.108315219111311,65535,0,-NAN,$05 $00 Pixel,$03 $05 Intensity counts,$f0 $05 Error counts,$f1 $00 Status,2
154,1211,0,0,1,95A7_2019-05-02_23-43-00_000_041,SAM_8581,SPECTRUM,RAW,,,2019-05-02 23:43:00,0,0,,,,,SAMIP Control,SAMIP_50DB,No Mission,1,0,1,,DLAB_2018-04-12_13-21-41_161_456,DLAB_2018-04-13_10-50-24_513_420,21.8665683323223,1,-14,16.45,4096,-1,0,+INF,0,1,0.108315219111311,65535,0,-NAN,$05 $00 Pixel,$03 $05 Intensity counts,$f0 $05 Error counts,$f1 $00 Status,2
155,1230,0,0,1,95A7_2019-05-02_23-43-00_000_041,SAM_8581,SPECTRUM,RAW,,,2019-05-02 23:43:00,0,0,,,,,SAMIP Control,SAMIP_50DB,No Mission,1,0,1,,DLAB_2018-04-12_13-21-41_161_456,DLAB_2018-04-13_10-50-24_513_420,21.8665683323223,1,-14,16.45,4096,-1,0,+INF,0,1,0.108315219111311,65535,0,-NAN,$05 $00 Pixel,$03 $05 Intensity counts,$f0 $05 Error counts,$f1 $00 Status,2
156,1228,0,0,1,95A7_2019-05-02_23-43-00_000_041,SAM_8581,SPECTRUM,RAW,,,2019-05-02 23:43:00,0,0,,,,,SAMIP Control,SAMIP_50DB,No Mission,1,0,1,,DLAB_2018-04-12_13-21-41_161_456,DLAB_2018-04-13_10-50-24_513_420,21.8665683323223,1,-14,16.45,4096,-1,0,+INF,0,1,0.108315219111311,65535,0,-NAN,$05 $00 Pixel,$03 $05 Intensity counts,$f0 $05 Error counts,$f1 $00 Status,2
157,1168,0,0,1,95A7_2019-05-02_23-43-00_000_041,SAM_8581,SPECTRUM,RAW,,,2019-05-02 23:43:00,0,0,,,,,SAMIP Control,SAMIP_50DB,No Mission,1,0,1,,DLAB_2018-04-12_13-21-41_161_456,DLAB_2018-04-13_10-50-24_513_420,21.8665683323223,1,-14,16.45,4096,-1,0,+INF,0,1,0.108315219111311,65535,0,-NAN,$05 $00 Pixel,$03 $05 Intensity counts,$f0 $05 Error counts,$f1 $00 Status,2
158,1222,0,0,1,95A7_2019-05-02_23-43-00_000_041,SAM_8581,SPECTRUM,RAW,,,2019-05-02 23:43:00,0,0,,,,,SAMIP Control,SAMIP_50DB,No Mission,1,0,1,,DLAB_2018-04-12_13-21-41_161_456,DLAB_2018-04-13_10-50-24_513_420,21.8665683323223,1,-14,16.45,4096,-1,0,+INF,0,1,0.108315219111311,65535,0,-NAN,$05 $00 Pixel,$03 $05 Intensity counts,$f0 $05 Error counts,$f1 $00 Status,2
159,948,0,0,1,95A7_2019-05-02_23-43-00_000_041,SAM_8581,SPECTRUM,RAW,,,2019-05-02 23:43:00,0,0,,,,,SAMIP Control,SAMIP_50DB,No Mission,1,0,1,,DLAB_2018-04-12_13-21-41_161_456,DLAB_2018-04-13_10-50-24_513_420,21.8665683323223,1,-14,16.45,4096,-1,0,+INF,0,1,0.108315219111311,65535,0,-NAN,$05 $00 Pixel,$03 $05 Intensity counts,$f0 $05 Error counts,$f1 $00 Status,2
160,1169,0,0,1,95A7_2019-05-02_23-43-00_000_041,SAM_8581,SPECTRUM,RAW,,,2019-05-02 23:43:00,0,0,,,,,SAMIP Control,SAMIP_50DB,No Mission,1,0,1,,DLAB_2018-04-12_13-21-41_161_456,DLAB_2018-04-13_10-50-24_513_420,21.8665683323223,1,-14,16.45,4096,-1,0,+INF,0,1,0.108315219111311,65535,0,-NAN,$05 $00 Pixel,$03 $05 Intensity counts,$f0 $05 Error counts,$f1 $00 Status,2
161,1182,0,0,1,95A7_2019-05-02_23-43-00_000_041,SAM_8581,SPECTRUM,RAW,,,2019-05-02 23:43:00,0,0,,,,,SAMIP Control,SAMIP_50DB,No Mission,1,0,1,,DLAB_2018-04-12_13-21-41_161_456,DLAB_2018-04-13_10-50-24_513_420,21.8665683323223,1,-14,16.45,4096,-1,0,+INF,0,1,0.108315219111311,65535,0,-NAN,$05 $00 Pixel,$03 $05 Intensity counts,$f0 $05 Error counts,$f1 $00 Status,2
162,1191,0,0,1,95A7_2019-05-02_23-43-00_000_041,SAM_8581,SPECTRUM,RAW,,,2019-05-02 23:43:00,0,0,,,,,SAMIP Control,SAMIP_50DB,No Mission,1,0,1,,DLAB_2018-04-12_13-21-41_161_456,DLAB_2018-04-13_10-50-24_513_420,21.8665683323223,1,-14,16.45,4096,-1,0,+INF,0,1,0.108315219111311,65535,0,-NAN,$05 $00 Pixel,$03 $05 Intensity counts,$f0 $05 Error counts,$f1 $00 Status,2
163,1164,0,0,1,95A7_2019-05-02_23-43-00_000_041,SAM_8581,SPECTRUM,RAW,,,2019-05-02 23:43:00,0,0,,,,,SAMIP Control,SAMIP_50DB,No Mission,1,0,1,,DLAB_2018-04-12_13-21-41_161_456,DLAB_2018-04-13_10-50-24_513_420,21.8665683323223,1,-14,16.45,4096,-1,0,+INF,0,1,0.108315219111311,65535,0,-NAN,$05 $00 Pixel,$03 $05 Intensity counts,$f0 $05 Error counts,$f1 $00 Status,2
164,1170,0,0,1,95A7_2019-05-02_23-43-00_000_041,SAM_8581,SPECTRUM,RAW,,,2019-05-02 23:43:00,0,0,,,,,SAMIP Control,SAMIP_50DB,No Mission,1,0,1,,DLAB_2018-04-12_13-21-41_161_456,DLAB_2018-04-13_10-50-24_513_420,21.8665683323223,1,-14,16.45,4096,-1,0,+INF,0,1,0.108315219111311,65535,0,-NAN,$05 $00 Pixel,$03 $05 Intensity counts,$f0 $05 Error counts,$f1 $00 Status,2
165,1194,0,0,1,95A7_2019-05-02_23-43-00_000_041,SAM_8581,SPECTRUM,RAW,,,2019-05-02 23:43:00,0,0,,,,,SAMIP Control,SAMIP_50DB,No Mission,1,0,1,,DLAB_2018-04-12_13-21-41_161_456,DLAB_2018-04-13_10-50-24_513_420,21.8665683323223,1,-14,16.45,4096,-1,0,+INF,0,1,0.108315219111311,65535,0,-NAN,$05 $00 Pixel,$03 $05 Intensity counts,$f0 $05 Error counts,$f1 $00 Status,2
166,1399,0,0,1,95A7_2019-05-02_23-43-00_000_041,SAM_8581,SPECTRUM,RAW,,,2019-05-02 23:43:00,0,0,,,,,SAMIP Control,SAMIP_50DB,No Mission,1,0,1,,DLAB_2018-04-12_13-21-41_161_456,DLAB_2018-04-13_10-50-24_513_420,21.8665683323223,1,-14,16.45,4096,-1,0,+INF,0,1,0.108315219111311,65535,0,-NAN,$05 $00 Pixel,$03 $05 Intensity counts,$f0 $05 Error counts,$f1 $00 Status,2
167,1169,0,0,1,95A7_2019-05-02_23-43-00_000_041,SAM_8581,SPECTRUM,RAW,,,2019-05-02 23:43:00,0,0,,,,,SAMIP Control,SAMIP_50DB,No Mission,1,0,1,,DLAB_2018-04-12_13-21-41_161_456,DLAB_2018-04-13_10-50-24_513_420,21.8665683323223,1,-14,16.45,4096,-1,0,+INF,0,1,0.108315219111311,65535,0,-NAN,$05 $00 Pixel,$03 $05 Intensity counts,$f0 $05 Error counts,$f1 $00 Status,2
168,1182,0,0,1,95A7_2019-05-02_23-43-00_000_041,SAM_8581,SPECTRUM,RAW,,,2019-05-02 23:43:00,0,0,,,,,SAMIP Control,SAMIP_50DB,No Mission,1,0,1,,DLAB_2018-04-12_13-21-41_161_456,DLAB_2018-04-13_10-50-24_513_420,21.8665683323223,1,-14,16.45,4096,-1,0,+INF,0,1,0.108315219111311,65535,0,-NAN,$05 $00 Pixel,$03 $05 Intensity counts,$f0 $05 Error counts,$f1 $00 Status,2
169,1190,0,0,1,95A7_2019-05-02_23-43-00_000_041,SAM_8581,SPECTRUM,RAW,,,2019-05-02 23:43:00,0,0,,,,,SAMIP Control,SAMIP_50DB,No Mission,1,0,1,,DLAB_2018-04-12_13-21-41_161_456,DLAB_2018-04-13_10-50-24_513_420,21.8665683323223,1,-14,16.45,4096,-1,0,+INF,0,1,0.108315219111311,65535,0,-NAN,$05 $00 Pixel,$03 $05 Intensity counts,$f0 $05 Error counts,$f1 $00 Status,2
170,1180,0,0,1,95A7_2019-05-02_23-43-00_000_041,SAM_8581,SPECTRUM,RAW,,,2019-05-02 23:43:00,0,0,,,,,SAMIP Control,SAMIP_50DB,No Mission,1,0,1,,DLAB_2018-04-12_13-21-41_161_456,DLAB_2018-04-13_10-50-24_513_420,21.8665683323223,1,-14,16.45,4096,-1,0,+INF,0,1,0.108315219111311,65535,0,-NAN,$05 $00 Pixel,$03 $05 Intensity counts,$f0 $05 Error counts,$f1 $00 Status,2
171,1181,0,0,1,95A7_2019-05-02_23-43-00_000_041,SAM_8581,SPECTRUM,RAW,,,2019-05-02 23:43:00,0,0,,,,,SAMIP Control,SAMIP_50DB,No Mission,1,0,1,,DLAB_2018-04-12_13-21-41_161_456,DLAB_2018-04-13_10-50-24_513_420,21.8665683323223,1,-14,16.45,4096,-1,0,+INF,0,1,0.108315219111311,65535,0,-NAN,$05 $00 Pixel,$03 $05 Intensity counts,$f0 $05 Error counts,$f1 $00 Status,2
172,1203,0,0,1,95A7_2019-05-02_23-43-00_000_041,SAM_8581,SPECTRUM,RAW,,,2019-05-02 23:43:00,0,0,,,,,SAMIP Control,SAMIP_50DB,No Mission,1,0,1,,DLAB_2018-04-12_13-21-41_161_456,DLAB_2018-04-13_10-50-24_513_420,21.8665683323223,1,-14,16.45,4096,-1,0,+INF,0,1,0.108315219111311,65535,0,-NAN,$05 $00 Pixel,$03 $05 Intensity counts,$f0 $05 Error counts,$f1 $00 Status,2
173,1139,0,0,1,95A7_2019-05-02_23-43-00_000_041,SAM_8581,SPECTRUM,RAW,,,2019-05-02 23:43:00,0,0,,,,,SAMIP Control,SAMIP_50DB,No Mission,1,0,1,,DLAB_2018-04-12_13-21-41_161_456,DLAB_2018-04-13_10-50-24_513_420,21.8665683323223,1,-14,16.45,4096,-1,0,+INF,0,1,0.108315219111311,65535,0,-NAN,$05 $00 Pixel,$03 $05 Intensity counts,$f0 $05 Error counts,$f1 $00 Status,2
174,1172,0,0,1,95A7_2019-05-02_23-43-00_000_041,SAM_8581,SPECTRUM,RAW,,,2019-05-02 23:43:00,0,0,,,,,SAMIP Control,SAMIP_50DB,No Mission,1,0,1,,DLAB_2018-04-12_13-21-41_161_456,DLAB_2018-04-13_10-50-24_513_420,21.8665683323223,1,-14,16.45,4096,-1,0,+INF,0,1,0.108315219111311,65535,0,-NAN,$05 $00 Pixel,$03 $05 Intensity counts,$f0 $05 Error counts,$f1 $00 Status,2
175,1179,0,0,1,95A7_2019-05-02_23-43-00_000_041,SAM_8581,SPECTRUM,RAW,,,2019-05-02 23:43:00,0,0,,,,,SAMIP Control,SAMIP_50DB,No Mission,1,0,1,,DLAB_2018-04-12_13-21-41_161_456,DLAB_2018-04-13_10-50-24_513_420,21.8665683323223,1,-14,16.45,4096,-1,0,+INF,0,1,0.108315219111311,65535,0,-NAN,$05 $00 Pixel,$03 $05 Intensity counts,$f0 $05 Error counts,$f1 $00 Status,2
176,1188,0,0,1,95A7_2019-05-02_23-43-00_000_041,SAM_8581,SPECTRUM,RAW,,,2019-05-02 23:43:00,0,0,,,,,SAMIP Control,SAMIP_50DB,No Mission,1,0,1,,DLAB_2018-04-12_13-21-41_161_456,DLAB_2018-04-13_10-50-24_513_420,21.8665683323223,1,-14,16.45,4096,-1,0,+INF,0,1,0.108315219111311,65535,0,-NAN,$05 $00 Pixel,$03 $05 Intensity counts,$f0 $05 Error counts,$f1 $00 Status,2
177,1171,0,0,1,95A7_2019-05-02_23-43-00_000_041,SAM_8581,SPECTRUM,RAW,,,2019-05-02 23:43:00,0,0,,,,,SAMIP Control,SAMIP_50DB,No Mission,1,0,1,,DLAB_2018-04-12_13-21-41_161_456,DLAB_2018-04-13_10-50-24_513_420,21.8665683323223,1,-14,16.45,4096,-1,0,+INF,0,1,0.108315219111311,65535,0,-NAN,$05 $00 Pixel,$03 $05 Intensity counts,$f0 $05 Error counts,$f1 $00 Status,2
178,1159,0,0,1,95A7_2019-05-02_23-43-00_000_041,SAM_8581,SPECTRUM,RAW,,,2019-05-02 23:43:00,0,0,,,,,SAMIP Control,SAMIP_50DB,No Mission,1,0,1,,DLAB_2018-04-12_13-21-41_161_456,DLAB_2018-04-13_10-50-24_513_420,21.8665683323223,1,-14,16.45,4096,-1,0,+INF,0,1,0.108315219111311,65535,0,-NAN,$05 $00 Pixel,$03 $05 Intensity counts,$f0 $05 Error counts,$f1 $00 Status,2
179,1191,0,0,1,95A7_2019-05-02_23-43-00_000_041,SAM_8581,SPECTRUM,RAW,,,2019-05-02 23:43:00,0,0,,,,,SAMIP Control,SAMIP_50DB,No Mission,1,0,1,,DLAB_2018-04-12_13-21-41_161_456,DLAB_2018-04-13_10-50-24_513_420,21.8665683323223,1,-14,16.45,4096,-1,0,+INF,0,1,0.108315219111311,65535,0,-NAN,$05 $00 Pixel,$03 $05 Intensity counts,$f0 $05 Error counts,$f1 $00 Status,2
180,962,0,0,1,95A7_2019-05-02_23-43-00_000_041,SAM_8581,SPECTRUM,RAW,,,2019-05-02 23:43:00,0,0,,,,,SAMIP Control,SAMIP_50DB,No Mission,1,0,1,,DLAB_2018-04-12_13-21-41_161_456,DLAB_2018-04-13_10-50-24_513_420,21.8665683323223,1,-14,16.45,4096,-1,0,+INF,0,1,0.108315219111311,65535,0,-NAN,$05 $00 Pixel,$03 $05 Intensity counts,$f0 $05 Error counts,$f1 $00 Status,2
181,1188,0,0,1,95A7_2019-05-02_23-43-00_000_041,SAM_8581,SPECTRUM,RAW,,,2019-05-02 23:43:00,0,0,,,,,SAMIP Control,SAMIP_50DB,No Mission,1,0,1,,DLAB_2018-04-12_13-21-41_161_456,DLAB_2018-04-13_10-50-24_513_420,21.8665683323223,1,-14,16.45,4096,-1,0,+INF,0,1,0.108315219111311,65535,0,-NAN,$05 $00 Pixel,$03 $05 Intensity counts,$f0 $05 Error counts,$f1 $00 Status,2
182,1164,0,0,1,95A7_2019-05-02_23-43-00_000_041,SAM_8581,SPECTRUM,RAW,,,2019-05-02 23:43:00,0,0,,,,,SAMIP Control,SAMIP_50DB,No Mission,1,0,1,,DLAB_2018-04-12_13-21-41_161_456,DLAB_2018-04-13_10-50-24_513_420,21.8665683323223,1,-14,16.45,4096,-1,0,+INF,0,1,0.108315219111311,65535,0,-NAN,$05 $00 Pixel,$03 $05 Intensity counts,$f0 $05 Error counts,$f1 $00 Status,2
183,1188,0,0,1,95A7_2019-05-02_23-43-00_000_041,SAM_8581,SPECTRUM,RAW,,,2019-05-02 23:43:00,0,0,,,,,SAMIP Control,SAMIP_50DB,No Mission,1,0,1,,DLAB_2018-04-12_13-21-41_161_456,DLAB_2018-04-13_10-50-24_513_420,21.8665683323223,1,-14,16.45,4096,-1,0,+INF,0,1,0.108315219111311,65535,0,-NAN,$05 $00 Pixel,$03 $05 Intensity counts,$f0 $05 Error counts,$f1 $00 Status,2
184,1173,0,0,1,95A7_2019-05-02_23-43-00_000_041,SAM_8581,SPECTRUM,RAW,,,2019-05-02 23:43:00,0,0,,,,,SAMIP Control,SAMIP_50DB,No Mission,1,0,1,,DLAB_2018-04-12_13-21-41_161_456,DLAB_2018-04-13_10-50-24_513_420,21.8665683323223,1,-14,16.45,4096,-1,0,+INF,0,1,0.108315219111311,65535,0,-NAN,$05 $00 Pixel,$03 $05 Intensity counts,$f0 $05 Error counts,$f1 $00 Status,2
185,1193,0,0,1,95A7_2019-05-02_23-43-00_000_041,SAM_8581,SPECTRUM,RAW,,,2019-05-02 23:43:00,0,0,,,,,SAMIP Control,SAMIP_50DB,No Mission,1,0,1,,DLAB_2018-04-12_13-21-41_161_456,DLAB_2018-04-13_10-50-24_513_420,21.8665683323223,1,-14,16.45,4096,-1,0,+INF,0,1,0.108315219111311,65535,0,-NAN,$05 $00 Pixel,$03 $05 Intensity counts,$f0 $05 Error counts,$f1 $00 Status,2
186,1206,0,0,1,95A7_2019-05-02_23-43-00_000_041,SAM_8581,SPECTRUM,RAW,,,2019-05-02 23:43:00,0,0,,,,,SAMIP Control,SAMIP_50DB,No Mission,1,0,1,,DLAB_2018-04-12_13-21-41_161_456,DLAB_2018-04-13_10-50-24_513_420,21.8665683323223,1,-14,16.45,4096,-1,0,+INF,0,1,0.108315219111311,65535,0,-NAN,$05 $00 Pixel,$03 $05 Intensity counts,$f0 $05 Error counts,$f1 $00 Status,2
187,1107,0,0,1,95A7_2019-05-02_23-43-00_000_041,SAM_8581,SPECTRUM,RAW,,,2019-05-02 23:43:00,0,0,,,,,SAMIP Control,SAMIP_50DB,No Mission,1,0,1,,DLAB_2018-04-12_13-21-41_161_456,DLAB_2018-04-13_10-50-24_513_420,21.8665683323223,1,-14,16.45,4096,-1,0,+INF,0,1,0.108315219111311,65535,0,-NAN,$05 $00 Pixel,$03 $05 Intensity counts,$f0 $05 Error counts,$f1 $00 Status,2
188,1236,0,0,1,95A7_2019-05-02_23-43-00_000_041,SAM_8581,SPECTRUM,RAW,,,2019-05-02 23:43:00,0,0,,,,,SAMIP Control,SAMIP_50DB,No Mission,1,0,1,,DLAB_2018-04-12_13-21-41_161_456,DLAB_2018-04-13_10-50-24_513_420,21.8665683323223,1,-14,16.45,4096,-1,0,+INF,0,1,0.108315219111311,65535,0,-NAN,$05 $00 Pixel,$03 $05 Intensity counts,$f0 $05 Error counts,$f1 $00 Status,2
189,1221,0,0,1,95A7_2019-05-02_23-43-00_000_041,SAM_8581,SPECTRUM,RAW,,,2019-05-02 23:43:00,0,0,,,,,SAMIP Control,SAMIP_50DB,No Mission,1,0,1,,DLAB_2018-04-12_13-21-41_161_456,DLAB_2018-04-13_10-50-24_513_420,21.8665683323223,1,-14,16.45,4096,-1,0,+INF,0,1,0.108315219111311,65535,0,-NAN,$05 $00 Pixel,$03 $05 Intensity counts,$f0 $05 Error counts,$f1 $00 Status,2
190,1245,0,0,1,95A7_2019-05-02_23-43-00_000_041,SAM_8581,SPECTRUM,RAW,,,2019-05-02 23:43:00,0,0,,,,,SAMIP Control,SAMIP_50DB,No Mission,1,0,1,,DLAB_2018-04-12_13-21-41_161_456,DLAB_2018-04-13_10-50-24_513_420,21.8665683323223,1,-14,16.45,4096,-1,0,+INF,0,1,0.108315219111311,65535,0,-NAN,$05 $00 Pixel,$03 $05 Intensity counts,$f0 $05 Error counts,$f1 $00 Status,2
191,1231,0,0,1,95A7_2019-05-02_23-43-00_000_041,SAM_8581,SPECTRUM,RAW,,,2019-05-02 23:43:00,0,0,,,,,SAMIP Control,SAMIP_50DB,No Mission,1,0,1,,DLAB_2018-04-12_13-21-41_161_456,DLAB_2018-04-13_10-50-24_513_420,21.8665683323223,1,-14,16.45,4096,-1,0,+INF,0,1,0.108315219111311,65535,0,-NAN,$05 $00 Pixel,$03 $05 Intensity counts,$f0 $05 Error counts,$f1 $00 Status,2
192,1261,0,0,1,95A7_2019-05-02_23-43-00_000_041,SAM_8581,SPECTRUM,RAW,,,2019-05-02 23:43:00,0,0,,,,,SAMIP Control,SAMIP_50DB,No Mission,1,0,1,,DLAB_2018-04-12_13-21-41_161_456,DLAB_2018-04-13_10-50-24_513_420,21.8665683323223,1,-14,16.45,4096,-1,0,+INF,0,1,0.108315219111311,65535,0,-NAN,$05 $00 Pixel,$03 $05 Intensity counts,$f0 $05 Error counts,$f1 $00 Status,2
193,1278,0,0,1,95A7_2019-05-02_23-43-00_000_041,SAM_8581,SPECTRUM,RAW,,,2019-05-02 23:43:00,0,0,,,,,SAMIP Control,SAMIP_50DB,No Mission,1,0,1,,DLAB_2018-04-12_13-21-41_161_456,DLAB_2018-04-13_10-50-24_513_420,21.8665683323223,1,-14,16.45,4096,-1,0,+INF,0,1,0.108315219111311,65535,0,-NAN,$05 $00 Pixel,$03 $05 Intensity counts,$f0 $05 Error counts,$f1 $00 Status,2
194,1184,0,0,1,95A7_2019-05-02_23-43-00_000_041,SAM_8581,SPECTRUM,RAW,,,2019-05-02 23:43:00,0,0,,,,,SAMIP Control,SAMIP_50DB,No Mission,1,0,1,,DLAB_2018-04-12_13-21-41_161_456,DLAB_2018-04-13_10-50-24_513_420,21.8665683323223,1,-14,16.45,4096,-1,0,+INF,0,1,0.108315219111311,65535,0,-NAN,$05 $00 Pixel,$03 $05 Intensity counts,$f0 $05 Error counts,$f1 $00 Status,2
195,1290,0,0,1,95A7_2019-05-02_23-43-00_000_041,SAM_8581,SPECTRUM,RAW,,,2019-05-02 23:43:00,0,0,,,,,SAMIP Control,SAMIP_50DB,No Mission,1,0,1,,DLAB_2018-04-12_13-21-41_161_456,DLAB_2018-04-13_10-50-24_513_420,21.8665683323223,1,-14,16.45,4096,-1,0,+INF,0,1,0.108315219111311,65535,0,-NAN,$05 $00 Pixel,$03 $05 Intensity counts,$f0 $05 Error counts,$f1 $00 Status,2
196,1270,0,0,1,95A7_2019-05-02_23-43-00_000_041,SAM_8581,SPECTRUM,RAW,,,2019-05-02 23:43:00,0,0,,,,,SAMIP Control,SAMIP_50DB,No Mission,1,0,1,,DLAB_2018-04-12_13-21-41_161_456,DLAB_2018-04-13_10-50-24_513_420,21.8665683323223,1,-14,16.45,4096,-1,0,+INF,0,1,0.108315219111311,65535,0,-NAN,$05 $00 Pixel,$03 $05 Intensity counts,$f0 $05 Error counts,$f1 $00 Status,2
197,1282,0,0,1,95A7_2019-05-02_23-43-00_000_041,SAM_8581,SPECTRUM,RAW,,,2019-05-02 23:43:00,0,0,,,,,SAMIP Control,SAMIP_50DB,No Mission,1,0,1,,DLAB_2018-04-12_13-21-41_161_456,DLAB_2018-04-13_10-50-24_513_420,21.8665683323223,1,-14,16.45,4096,-1,0,+INF,0,1,0.108315219111311,65535,0,-NAN,$05 $00 Pixel,$03 $05 Intensity counts,$f0 $05 Error counts,$f1 $00 Status,2
198,1273,0,0,1,95A7_2019-05-02_23-43-00_000_041,SAM_8581,SPECTRUM,RAW,,,2019-05-02 23:43:00,0,0,,,,,SAMIP Control,SAMIP_50DB,No Mission,1,0,1,,DLAB_2018-04-12_13-21-41_161_456,DLAB_2018-04-13_10-50-24_513_420,21.8665683323223,1,-14,16.45,4096,-1,0,+INF,0,1,0.108315219111311,65535,0,-NAN,$05 $00 Pixel,$03 $05 Intensity counts,$f0 $05 Error counts,$f1 $00 Status,2
199,1277,0,0,1,95A7_2019-05-02_23-43-00_000_041,SAM_8581,SPECTRUM,RAW,,,2019-05-02 23:43:00,0,0,,,,,SAMIP Control,SAMIP_50DB,No Mission,1,0,1,,DLAB_2018-04-12_13-21-41_161_456,DLAB_2018-04-13_10-50-24_513_420,21.8665683323223,1,-14,16.45,4096,-1,0,+INF,0,1,0.108315219111311,65535,0,-NAN,$05 $00 Pixel,$03 $05 Intensity counts,$f0 $05 Error counts,$f1 $00 Status,2
200,1299,0,0,1,95A7_2019-05-02_23-43-00_000_041,SAM_8581,SPECTRUM,RAW,,,2019-05-02 23:43:00,0,0,,,,,SAMIP Control,SAMIP_50DB,No Mission,1,0,1,,DLAB_2018-04-12_13-21-41_161_456,DLAB_2018-04-13_10-50-24_513_420,21.8665683323223,1,-14,16.45,4096,-1,0,+INF,0,1,0.108315219111311,65535,0,-NAN,$05 $00 Pixel,$03 $05 Intensity counts,$f0 $05 Error counts,$f1 $00 Status,2
201,1228,0,0,1,95A7_2019-05-02_23-43-00_000_041,SAM_8581,SPECTRUM,RAW,,,2019-05-02 23:43:00,0,0,,,,,SAMIP Control,SAMIP_50DB,No Mission,1,0,1,,DLAB_2018-04-12_13-21-41_161_456,DLAB_2018-04-13_10-50-24_513_420,21.8665683323223,1,-14,16.45,4096,-1,0,+INF,0,1,0.108315219111311,65535,0,-NAN,$05 $00 Pixel,$03 $05 Intensity counts,$f0 $05 Error counts,$f1 $00 Status,2
202,1292,0,0,1,95A7_2019-05-02_23-43-00_000_041,SAM_8581,SPECTRUM,RAW,,,2019-05-02 23:43:00,0,0,,,,,SAMIP Control,SAMIP_50DB,No Mission,1,0,1,,DLAB_2018-04-12_13-21-41_161_456,DLAB_2018-04-13_10-50-24_513_420,21.8665683323223,1,-14,16.45,4096,-1,0,+INF,0,1,0.108315219111311,65535,0,-NAN,$05 $00 Pixel,$03 $05 Intensity counts,$f0 $05 Error counts,$f1 $00 Status,2
203,1212,0,0,1,95A7_2019-05-02_23-43-00_000_041,SAM_8581,SPECTRUM,RAW,,,2019-05-02 23:43:00,0,0,,,,,SAMIP Control,SAMIP_50DB,No Mission,1,0,1,,DLAB_2018-04-12_13-21-41_161_456,DLAB_2018-04-13_10-50-24_513_420,21.8665683323223,1,-14,16.45,4096,-1,0,+INF,0,1,0.108315219111311,65535,0,-NAN,$05 $00 Pixel,$03 $05 Intensity counts,$f0 $05 Error counts,$f1 $00 Status,2
204,1265,0,0,1,95A7_2019-05-02_23-43-00_000_041,SAM_8581,SPECTRUM,RAW,,,2019-05-02 23:43:00,0,0,,,,,SAMIP Control,SAMIP_50DB,No Mission,1,0,1,,DLAB_2018-04-12_13-21-41_161_456,DLAB_2018-04-13_10-50-24_513_420,21.8665683323223,1,-14,16.45,4096,-1,0,+INF,0,1,0.108315219111311,65535,0,-NAN,$05 $00 Pixel,$03 $05 Intensity counts,$f0 $05 Error counts,$f1 $00 Status,2
205,1222,0,0,1,95A7_2019-05-02_23-43-00_000_041,SAM_8581,SPECTRUM,RAW,,,2019-05-02 23:43:00,0,0,,,,,SAMIP Control,SAMIP_50DB,No Mission,1,0,1,,DLAB_2018-04-12_13-21-41_161_456,DLAB_2018-04-13_10-50-24_513_420,21.8665683323223,1,-14,16.45,4096,-1,0,+INF,0,1,0.108315219111311,65535,0,-NAN,$05 $00 Pixel,$03 $05 Intensity counts,$f0 $05 Error counts,$f1 $00 Status,2
206,1244,0,0,1,95A7_2019-05-02_23-43-00_000_041,SAM_8581,SPECTRUM,RAW,,,2019-05-02 23:43:00,0,0,,,,,SAMIP Control,SAMIP_50DB,No Mission,1,0,1,,DLAB_2018-04-12_13-21-41_161_456,DLAB_2018-04-13_10-50-24_513_420,21.8665683323223,1,-14,16.45,4096,-1,0,+INF,0,1,0.108315219111311,65535,0,-NAN,$05 $00 Pixel,$03 $05 Intensity counts,$f0 $05 Error counts,$f1 $00 Status,2
207,1077,0,0,1,95A7_2019-05-02_23-43-00_000_041,SAM_8581,SPECTRUM,RAW,,,2019-05-02 23:43:00,0,0,,,,,SAMIP Control,SAMIP_50DB,No Mission,1,0,1,,DLAB_2018-04-12_13-21-41_161_456,DLAB_2018-04-13_10-50-24_513_420,21.8665683323223,1,-14,16.45,4096,-1,0,+INF,0,1,0.108315219111311,65535,0,-NAN,$05 $00 Pixel,$03 $05 Intensity counts,$f0 $05 Error counts,$f1 $00 Status,2
208,1169,0,0,1,95A7_2019-05-02_23-43-00_000_041,SAM_8581,SPECTRUM,RAW,,,2019-05-02 23:43:00,0,0,,,,,SAMIP Control,SAMIP_50DB,No Mission,1,0,1,,DLAB_2018-04-12_13-21-41_161_456,DLAB_2018-04-13_10-50-24_513_420,21.8665683323223,1,-14,16.45,4096,-1,0,+INF,0,1,0.108315219111311,65535,0,-NAN,$05 $00 Pixel,$03 $05 Intensity counts,$f0 $05 Error counts,$f1 $00 Status,2
209,1200,0,0,1,95A7_2019-05-02_23-43-00_000_041,SAM_8581,SPECTRUM,RAW,,,2019-05-02 23:43:00,0,0,,,,,SAMIP Control,SAMIP_50DB,No Mission,1,0,1,,DLAB_2018-04-12_13-21-41_161_456,DLAB_2018-04-13_10-50-24_513_420,21.8665683323223,1,-14,16.45,4096,-1,0,+INF,0,1,0.108315219111311,65535,0,-NAN,$05 $00 Pixel,$03 $05 Intensity counts,$f0 $05 Error counts,$f1 $00 Status,2
210,1156,0,0,1,95A7_2019-05-02_23-43-00_000_041,SAM_8581,SPECTRUM,RAW,,,2019-05-02 23:43:00,0,0,,,,,SAMIP Control,SAMIP_50DB,No Mission,1,0,1,,DLAB_2018-04-12_13-21-41_161_456,DLAB_2018-04-13_10-50-24_513_420,21.8665683323223,1,-14,16.45,4096,-1,0,+INF,0,1,0.108315219111311,65535,0,-NAN,$05 $00 Pixel,$03 $05 Intensity counts,$f0 $05 Error counts,$f1 $00 Status,2
211,1179,0,0,1,95A7_2019-05-02_23-43-00_000_041,SAM_8581,SPECTRUM,RAW,,,2019-05-02 23:43:00,0,0,,,,,SAMIP Control,SAMIP_50DB,No Mission,1,0,1,,DLAB_2018-04-12_13-21-41_161_456,DLAB_2018-04-13_10-50-24_513_420,21.8665683323223,1,-14,16.45,4096,-1,0,+INF,0,1,0.108315219111311,65535,0,-NAN,$05 $00 Pixel,$03 $05 Intensity counts,$f0 $05 Error counts,$f1 $00 Status,2
212,1200,0,0,1,95A7_2019-05-02_23-43-00_000_041,SAM_8581,SPECTRUM,RAW,,,2019-05-02 23:43:00,0,0,,,,,SAMIP Control,SAMIP_50DB,No Mission,1,0,1,,DLAB_2018-04-12_13-21-41_161_456,DLAB_2018-04-13_10-50-24_513_420,21.8665683323223,1,-14,16.45,4096,-1,0,+INF,0,1,0.108315219111311,65535,0,-NAN,$05 $00 Pixel,$03 $05 Intensity counts,$f0 $05 Error counts,$f1 $00 Status,2
213,1216,0,0,1,95A7_2019-05-02_23-43-00_000_041,SAM_8581,SPECTRUM,RAW,,,2019-05-02 23:43:00,0,0,,,,,SAMIP Control,SAMIP_50DB,No Mission,1,0,1,,DLAB_2018-04-12_13-21-41_161_456,DLAB_2018-04-13_10-50-24_513_420,21.8665683323223,1,-14,16.45,4096,-1,0,+INF,0,1,0.108315219111311,65535,0,-NAN,$05 $00 Pixel,$03 $05 Intensity counts,$f0 $05 Error counts,$f1 $00 Status,2
214,1214,0,0,1,95A7_2019-05-02_23-43-00_000_041,SAM_8581,SPECTRUM,RAW,,,2019-05-02 23:43:00,0,0,,,,,SAMIP Control,SAMIP_50DB,No Mission,1,0,1,,DLAB_2018-04-12_13-21-41_161_456,DLAB_2018-04-13_10-50-24_513_420,21.8665683323223,1,-14,16.45,4096,-1,0,+INF,0,1,0.108315219111311,65535,0,-NAN,$05 $00 Pixel,$03 $05 Intensity counts,$f0 $05 Error counts,$f1 $00 Status,2
215,1230,0,0,1,95A7_2019-05-02_23-43-00_000_041,SAM_8581,SPECTRUM,RAW,,,2019-05-02 23:43:00,0,0,,,,,SAMIP Control,SAMIP_50DB,No Mission,1,0,1,,DLAB_2018-04-12_13-21-41_161_456,DLAB_2018-04-13_10-50-24_513_420,21.8665683323223,1,-14,16.45,4096,-1,0,+INF,0,1,0.108315219111311,65535,0,-NAN,$05 $00 Pixel,$03 $05 Intensity counts,$f0 $05 Error counts,$f1 $00 Status,2
216,1279,0,0,1,95A7_2019-05-02_23-43-00_000_041,SAM_8581,SPECTRUM,RAW,,,2019-05-02 23:43:00,0,0,,,,,SAMIP Control,SAMIP_50DB,No Mission,1,0,1,,DLAB_2018-04-12_13-21-41_161_456,DLAB_2018-04-13_10-50-24_513_420,21.8665683323223,1,-14,16.45,4096,-1,0,+INF,0,1,0.108315219111311,65535,0,-NAN,$05 $00 Pixel,$03 $05 Intensity counts,$f0 $05 Error counts,$f1 $00 Status,2
217,1230,0,0,1,95A7_2019-05-02_23-43-00_000_041,SAM_8581,SPECTRUM,RAW,,,2019-05-02 23:43:00,0,0,,,,,SAMIP Control,SAMIP_50DB,No Mission,1,0,1,,DLAB_2018-04-12_13-21-41_161_456,DLAB_2018-04-13_10-50-24_513_420,21.8665683323223,1,-14,16.45,4096,-1,0,+INF,0,1,0.108315219111311,65535,0,-NAN,$05 $00 Pixel,$03 $05 Intensity counts,$f0 $05 Error counts,$f1 $00 Status,2
218,1286,0,0,1,95A7_2019-05-02_23-43-00_000_041,SAM_8581,SPECTRUM,RAW,,,2019-05-02 23:43:00,0,0,,,,,SAMIP Control,SAMIP_50DB,No Mission,1,0,1,,DLAB_2018-04-12_13-21-41_161_456,DLAB_2018-04-13_10-50-24_513_420,21.8665683323223,1,-14,16.45,4096,-1,0,+INF,0,1,0.108315219111311,65535,0,-NAN,$05 $00 Pixel,$03 $05 Intensity counts,$f0 $05 Error counts,$f1 $00 Status,2
219,1264,0,0,1,95A7_2019-05-02_23-43-00_000_041,SAM_8581,SPECTRUM,RAW,,,2019-05-02 23:43:00,0,0,,,,,SAMIP Control,SAMIP_50DB,No Mission,1,0,1,,DLAB_2018-04-12_13-21-41_161_456,DLAB_2018-04-13_10-50-24_513_420,21.8665683323223,1,-14,16.45,4096,-1,0,+INF,0,1,0.108315219111311,65535,0,-NAN,$05 $00 Pixel,$03 $05 Intensity counts,$f0 $05 Error counts,$f1 $00 Status,2
220,1285,0,0,1,95A7_2019-05-02_23-43-00_000_041,SAM_8581,SPECTRUM,RAW,,,2019-05-02 23:43:00,0,0,,,,,SAMIP Control,SAMIP_50DB,No Mission,1,0,1,,DLAB_2018-04-12_13-21-41_161_456,DLAB_2018-04-13_10-50-24_513_420,21.8665683323223,1,-14,16.45,4096,-1,0,+INF,0,1,0.108315219111311,65535,0,-NAN,$05 $00 Pixel,$03 $05 Intensity counts,$f0 $05 Error counts,$f1 $00 Status,2
221,1239,0,0,1,95A7_2019-05-02_23-43-00_000_041,SAM_8581,SPECTRUM,RAW,,,2019-05-02 23:43:00,0,0,,,,,SAMIP Control,SAMIP_50DB,No Mission,1,0,1,,DLAB_2018-04-12_13-21-41_161_456,DLAB_2018-04-13_10-50-24_513_420,21.8665683323223,1,-14,16.45,4096,-1,0,+INF,0,1,0.108315219111311,65535,0,-NAN,$05 $00 Pixel,$03 $05 Intensity counts,$f0 $05 Error counts,$f1 $00 Status,2
222,1201,0,0,1,95A7_2019-05-02_23-43-00_000_041,SAM_8581,SPECTRUM,RAW,,,2019-05-02 23:43:00,0,0,,,,,SAMIP Control,SAMIP_50DB,No Mission,1,0,1,,DLAB_2018-04-12_13-21-41_161_456,DLAB_2018-04-13_10-50-24_513_420,21.8665683323223,1,-14,16.45,4096,-1,0,+INF,0,1,0.108315219111311,65535,0,-NAN,$05 $00 Pixel,$03 $05 Intensity counts,$f0 $05 Error counts,$f1 $00 Status,2
223,1249,0,0,1,95A7_2019-05-02_23-43-00_000_041,SAM_8581,SPECTRUM,RAW,,,2019-05-02 23:43:00,0,0,,,,,SAMIP Control,SAMIP_50DB,No Mission,1,0,1,,DLAB_2018-04-12_13-21-41_161_456,DLAB_2018-04-13_10-50-24_513_420,21.8665683323223,1,-14,16.45,4096,-1,0,+INF,0,1,0.108315219111311,65535,0,-NAN,$05 $00 Pixel,$03 $05 Intensity counts,$f0 $05 Error counts,$f1 $00 Status,2
224,1154,0,0,1,95A7_2019-05-02_23-43-00_000_041,SAM_8581,SPECTRUM,RAW,,,2019-05-02 23:43:00,0,0,,,,,SAMIP Control,SAMIP_50DB,No Mission,1,0,1,,DLAB_2018-04-12_13-21-41_161_456,DLAB_2018-04-13_10-50-24_513_420,21.8665683323223,1,-14,16.45,4096,-1,0,+INF,0,1,0.108315219111311,65535,0,-NAN,$05 $00 Pixel,$03 $05 Intensity counts,$f0 $05 Error counts,$f1 $00 Status,2
225,1206,0,0,1,95A7_2019-05-02_23-43-00_000_041,SAM_8581,SPECTRUM,RAW,,,2019-05-02 23:43:00,0,0,,,,,SAMIP Control,SAMIP_50DB,No Mission,1,0,1,,DLAB_2018-04-12_13-21-41_161_456,DLAB_2018-04-13_10-50-24_513_420,21.8665683323223,1,-14,16.45,4096,-1,0,+INF,0,1,0.108315219111311,65535,0,-NAN,$05 $00 Pixel,$03 $05 Intensity counts,$f0 $05 Error counts,$f1 $00 Status,2
226,1159,0,0,1,95A7_2019-05-02_23-43-00_000_041,SAM_8581,SPECTRUM,RAW,,,2019-05-02 23:43:00,0,0,,,,,SAMIP Control,SAMIP_50DB,No Mission,1,0,1,,DLAB_2018-04-12_13-21-41_161_456,DLAB_2018-04-13_10-50-24_513_420,21.8665683323223,1,-14,16.45,4096,-1,0,+INF,0,1,0.108315219111311,65535,0,-NAN,$05 $00 Pixel,$03 $05 Intensity counts,$f0 $05 Error counts,$f1 $00 Status,2
227,1196,0,0,1,95A7_2019-05-02_23-43-00_000_041,SAM_8581,SPECTRUM,RAW,,,2019-05-02 23:43:00,0,0,,,,,SAMIP Control,SAMIP_50DB,No Mission,1,0,1,,DLAB_2018-04-12_13-21-41_161_456,DLAB_2018-04-13_10-50-24_513_420,21.8665683323223,1,-14,16.45,4096,-1,0,+INF,0,1,0.108315219111311,65535,0,-NAN,$05 $00 Pixel,$03 $05 Intensity counts,$f0 $05 Error counts,$f1 $00 Status,2
228,1453,0,0,1,95A7_2019-05-02_23-43-00_000_041,SAM_8581,SPECTRUM,RAW,,,2019-05-02 23:43:00,0,0,,,,,SAMIP Control,SAMIP_50DB,No Mission,1,0,1,,DLAB_2018-04-12_13-21-41_161_456,DLAB_2018-04-13_10-50-24_513_420,21.8665683323223,1,-14,16.45,4096,-1,0,+INF,0,1,0.108315219111311,65535,0,-NAN,$05 $00 Pixel,$03 $05 Intensity counts,$f0 $05 Error counts,$f1 $00 Status,2
229,1214,0,0,1,95A7_2019-05-02_23-43-00_000_041,SAM_8581,SPECTRUM,RAW,,,2019-05-02 23:43:00,0,0,,,,,SAMIP Control,SAMIP_50DB,No Mission,1,0,1,,DLAB_2018-04-12_13-21-41_161_456,DLAB_2018-04-13_10-50-24_513_420,21.8665683323223,1,-14,16.45,4096,-1,0,+INF,0,1,0.108315219111311,65535,0,-NAN,$05 $00 Pixel,$03 $05 Intensity counts,$f0 $05 Error counts,$f1 $00 Status,2
230,1281,0,0,1,95A7_2019-05-02_23-43-00_000_041,SAM_8581,SPECTRUM,RAW,,,2019-05-02 23:43:00,0,0,,,,,SAMIP Control,SAMIP_50DB,No Mission,1,0,1,,DLAB_2018-04-12_13-21-41_161_456,DLAB_2018-04-13_10-50-24_513_420,21.8665683323223,1,-14,16.45,4096,-1,0,+INF,0,1,0.108315219111311,65535,0,-NAN,$05 $00 Pixel,$03 $05 Intensity counts,$f0 $05 Error counts,$f1 $00 Status,2
231,1282,0,0,1,95A7_2019-05-02_23-43-00_000_041,SAM_8581,SPECTRUM,RAW,,,2019-05-02 23:43:00,0,0,,,,,SAMIP Control,SAMIP_50DB,No Mission,1,0,1,,DLAB_2018-04-12_13-21-41_161_456,DLAB_2018-04-13_10-50-24_513_420,21.8665683323223,1,-14,16.45,4096,-1,0,+INF,0,1,0.108315219111311,65535,0,-NAN,$05 $00 Pixel,$03 $05 Intensity counts,$f0 $05 Error counts,$f1 $00 Status,2
232,1286,0,0,1,95A7_2019-05-02_23-43-00_000_041,SAM_8581,SPECTRUM,RAW,,,2019-05-02 23:43:00,0,0,,,,,SAMIP Control,SAMIP_50DB,No Mission,1,0,1,,DLAB_2018-04-12_13-21-41_161_456,DLAB_2018-04-13_10-50-24_513_420,21.8665683323223,1,-14,16.45,4096,-1,0,+INF,0,1,0.108315219111311,65535,0,-NAN,$05 $00 Pixel,$03 $05 Intensity counts,$f0 $05 Error counts,$f1 $00 Status,2
233,1264,0,0,1,95A7_2019-05-02_23-43-00_000_041,SAM_8581,SPECTRUM,RAW,,,2019-05-02 23:43:00,0,0,,,,,SAMIP Control,SAMIP_50DB,No Mission,1,0,1,,DLAB_2018-04-12_13-21-41_161_456,DLAB_2018-04-13_10-50-24_513_420,21.8665683323223,1,-14,16.45,4096,-1,0,+INF,0,1,0.108315219111311,65535,0,-NAN,$05 $00 Pixel,$03 $05 Intensity counts,$f0 $05 Error counts,$f1 $00 Status,2
234,1252,0,0,1,95A7_2019-05-02_23-43-00_000_041,SAM_8581,SPECTRUM,RAW,,,2019-05-02 23:43:00,0,0,,,,,SAMIP Control,SAMIP_50DB,No Mission,1,0,1,,DLAB_2018-04-12_13-21-41_161_456,DLAB_2018-04-13_10-50-24_513_420,21.8665683323223,1,-14,16.45,4096,-1,0,+INF,0,1,0.108315219111311,65535,0,-NAN,$05 $00 Pixel,$03 $05 Intensity counts,$f0 $05 Error counts,$f1 $00 Status,2
235,1009,0,0,1,95A7_2019-05-02_23-43-00_000_041,SAM_8581,SPECTRUM,RAW,,,2019-05-02 23:43:00,0,0,,,,,SAMIP Control,SAMIP_50DB,No Mission,1,0,1,,DLAB_2018-04-12_13-21-41_161_456,DLAB_2018-04-13_10-50-24_513_420,21.8665683323223,1,-14,16.45,4096,-1,0,+INF,0,1,0.108315219111311,65535,0,-NAN,$05 $00 Pixel,$03 $05 Intensity counts,$f0 $05 Error counts,$f1 $00 Status,2
236,1178,0,0,1,95A7_2019-05-02_23-43-00_000_041,SAM_8581,SPECTRUM,RAW,,,2019-05-02 23:43:00,0,0,,,,,SAMIP Control,SAMIP_50DB,No Mission,1,0,1,,DLAB_2018-04-12_13-21-41_161_456,DLAB_2018-04-13_10-50-24_513_420,21.8665683323223,1,-14,16.45,4096,-1,0,+INF,0,1,0.108315219111311,65535,0,-NAN,$05 $00 Pixel,$03 $05 Intensity counts,$f0 $05 Error counts,$f1 $00 Status,2
237,1193,0,0,1,95A7_2019-05-02_23-43-00_000_041,SAM_8581,SPECTRUM,RAW,,,2019-05-02 23:43:00,0,0,,,,,SAMIP Control,SAMIP_50DB,No Mission,1,0,1,,DLAB_2018-04-12_13-21-41_161_456,DLAB_2018-04-13_10-50-24_513_420,21.8665683323223,1,-14,16.45,4096,-1,0,+INF,0,1,0.108315219111311,65535,0,-NAN,$05 $00 Pixel,$03 $05 Intensity counts,$f0 $05 Error counts,$f1 $00 Status,2
238,1141,0,0,1,95A7_2019-05-02_23-43-00_000_041,SAM_8581,SPECTRUM,RAW,,,2019-05-02 23:43:00,0,0,,,,,SAMIP Control,SAMIP_50DB,No Mission,1,0,1,,DLAB_2018-04-12_13-21-41_161_456,DLAB_2018-04-13_10-50-24_513_420,21.8665683323223,1,-14,16.45,4096,-1,0,+INF,0,1,0.108315219111311,65535,0,-NAN,$05 $00 Pixel,$03 $05 Intensity counts,$f0 $05 Error counts,$f1 $00 Status,2
239,1212,0,0,1,95A7_2019-05-02_23-43-00_000_041,SAM_8581,SPECTRUM,RAW,,,2019-05-02 23:43:00,0,0,,,,,SAMIP Control,SAMIP_50DB,No Mission,1,0,1,,DLAB_2018-04-12_13-21-41_161_456,DLAB_2018-04-13_10-50-24_513_420,21.8665683323223,1,-14,16.45,4096,-1,0,+INF,0,1,0.108315219111311,65535,0,-NAN,$05 $00 Pixel,$03 $05 Intensity counts,$f0 $05 Error counts,$f1 $00 Status,2
240,1172,0,0,1,95A7_2019-05-02_23-43-00_000_041,SAM_8581,SPECTRUM,RAW,,,2019-05-02 23:43:00,0,0,,,,,SAMIP Control,SAMIP_50DB,No Mission,1,0,1,,DLAB_2018-04-12_13-21-41_161_456,DLAB_2018-04-13_10-50-24_513_420,21.8665683323223,1,-14,16.45,4096,-1,0,+INF,0,1,0.108315219111311,65535,0,-NAN,$05 $00 Pixel,$03 $05 Intensity counts,$f0 $05 Error counts,$f1 $00 Status,2
241,1228,0,0,1,95A7_2019-05-02_23-43-00_000_041,SAM_8581,SPECTRUM,RAW,,,2019-05-02 23:43:00,0,0,,,,,SAMIP Control,SAMIP_50DB,No Mission,1,0,1,,DLAB_2018-04-12_13-21-41_161_456,DLAB_2018-04-13_10-50-24_513_420,21.8665683323223,1,-14,16.45,4096,-1,0,+INF,0,1,0.108315219111311,65535,0,-NAN,$05 $00 Pixel,$03 $05 Intensity counts,$f0 $05 Error counts,$f1 $00 Status,2
242,1206,0,0,1,95A7_2019-05-02_23-43-00_000_041,SAM_8581,SPECTRUM,RAW,,,2019-05-02 23:43:00,0,0,,,,,SAMIP Control,SAMIP_50DB,No Mission,1,0,1,,DLAB_2018-04-12_13-21-41_161_456,DLAB_2018-04-13_10-50-24_513_420,21.8665683323223,1,-14,16.45,4096,-1,0,+INF,0,1,0.108315219111311,65535,0,-NAN,$05 $00 Pixel,$03 $05 Intensity counts,$f0 $05 Error counts,$f1 $00 Status,2
243,1258,0,0,1,95A7_2019-05-02_23-43-00_000_041,SAM_8581,SPECTRUM,RAW,,,2019-05-02 23:43:00,0,0,,,,,SAMIP Control,SAMIP_50DB,No Mission,1,0,1,,DLAB_2018-04-12_13-21-41_161_456,DLAB_2018-04-13_10-50-24_513_420,21.8665683323223,1,-14,16.45,4096,-1,0,+INF,0,1,0.108315219111311,65535,0,-NAN,$05 $00 Pixel,$03 $05 Intensity counts,$f0 $05 Error counts,$f1 $00 Status,2
244,1285,0,0,1,95A7_2019-05-02_23-43-00_000_041,SAM_8581,SPECTRUM,RAW,,,2019-05-02 23:43:00,0,0,,,,,SAMIP Control,SAMIP_50DB,No Mission,1,0,1,,DLAB_2018-04-12_13-21-41_161_456,DLAB_2018-04-13_10-50-24_513_420,21.8665683323223,1,-14,16.45,4096,-1,0,+INF,0,1,0.108315219111311,65535,0,-NAN,$05 $00 Pixel,$03 $05 Intensity counts,$f0 $05 Error counts,$f1 $00 Status,2
245,1256,0,0,1,95A7_2019-05-02_23-43-00_000_041,SAM_8581,SPECTRUM,RAW,,,2019-05-02 23:43:00,0,0,,,,,SAMIP Control,SAMIP_50DB,No Mission,1,0,1,,DLAB_2018-04-12_13-21-41_161_456,DLAB_2018-04-13_10-50-24_513_420,21.8665683323223,1,-14,16.45,4096,-1,0,+INF,0,1,0.108315219111311,65535,0,-NAN,$05 $00 Pixel,$03 $05 Intensity counts,$f0 $05 Error counts,$f1 $00 Status,2
246,1290,0,0,1,95A7_2019-05-02_23-43-00_000_041,SAM_8581,SPECTRUM,RAW,,,2019-05-02 23:43:00,0,0,,,,,SAMIP Control,SAMIP_50DB,No Mission,1,0,1,,DLAB_2018-04-12_13-21-41_161_456,DLAB_2018-04-13_10-50-24_513_420,21.8665683323223,1,-14,16.45,4096,-1,0,+INF,0,1,0.108315219111311,65535,0,-NAN,$05 $00 Pixel,$03 $05 Intensity counts,$f0 $05 Error counts,$f1 $00 Status,2
247,1232,0,0,1,95A7_2019-05-02_23-43-00_000_041,SAM_8581,SPECTRUM,RAW,,,2019-05-02 23:43:00,0,0,,,,,SAMIP Control,SAMIP_50DB,No Mission,1,0,1,,DLAB_2018-04-12_13-21-41_161_456,DLAB_2018-04-13_10-50-24_513_420,21.8665683323223,1,-14,16.45,4096,-1,0,+INF,0,1,0.108315219111311,65535,0,-NAN,$05 $00 Pixel,$03 $05 Intensity counts,$f0 $05 Error counts,$f1 $00 Status,2
248,1259,0,0,1,95A7_2019-05-02_23-43-00_000_041,SAM_8581,SPECTRUM,RAW,,,2019-05-02 23:43:00,0,0,,,,,SAMIP Control,SAMIP_50DB,No Mission,1,0,1,,DLAB_2018-04-12_13-21-41_161_456,DLAB_2018-04-13_10-50-24_513_420,21.8665683323223,1,-14,16.45,4096,-1,0,+INF,0,1,0.108315219111311,65535,0,-NAN,$05 $00 Pixel,$03 $05 Intensity counts,$f0 $05 Error counts,$f1 $00 Status,2
249,1440,0,0,1,95A7_2019-05-02_23-43-00_000_041,SAM_8581,SPECTRUM,RAW,,,2019-05-02 23:43:00,0,0,,,,,SAMIP Control,SAMIP_50DB,No Mission,1,0,1,,DLAB_2018-04-12_13-21-41_161_456,DLAB_2018-04-13_10-50-24_513_420,21.8665683323223,1,-14,16.45,4096,-1,0,+INF,0,1,0.108315219111311,65535,0,-NAN,$05 $00 Pixel,$03 $05 Intensity counts,$f0 $05 Error counts,$f1 $00 Status,2
250,1244,0,0,1,95A7_2019-05-02_23-43-00_000_041,SAM_8581,SPECTRUM,RAW,,,2019-05-02 23:43:00,0,0,,,,,SAMIP Control,SAMIP_50DB,No Mission,1,0,1,,DLAB_2018-04-12_13-21-41_161_456,DLAB_2018-04-13_10-50-24_513_420,21.8665683323223,1,-14,16.45,4096,-1,0,+INF,0,1,0.108315219111311,65535,0,-NAN,$05 $00 Pixel,$03 $05 Intensity counts,$f0 $05 Error counts,$f1 $00 Status,2
251,1206,0,0,1,95A7_2019-05-02_23-43-00_000_041,SAM_8581,SPECTRUM,RAW,,,2019-05-02 23:43:00,0,0,,,,,SAMIP Control,SAMIP_50DB,No Mission,1,0,1,,DLAB_2018-04-12_13-21-41_161_456,DLAB_2018-04-13_10-50-24_513_420,21.8665683323223,1,-14,16.45,4096,-1,0,+INF,0,1,0.108315219111311,65535,0,-NAN,$05 $00 Pixel,$03 $05 Intensity counts,$f0 $05 Error counts,$f1 $00 Status,2
252,1204,0,0,1,95A7_2019-05-02_23-43-00_000_041,SAM_8581,SPECTRUM,RAW,,,2019-05-02 23:43:00,0,0,,,,,SAMIP Control,SAMIP_50DB,No Mission,1,0,1,,DLAB_2018-04-12_13-21-41_161_456,DLAB_2018-04-13_10-50-24_513_420,21.8665683323223,1,-14,16.45,4096,-1,0,+INF,0,1,0.108315219111311,65535,0,-NAN,$05 $00 Pixel,$03 $05 Intensity counts,$f0 $05 Error counts,$f1 $00 Status,2
253,1207,0,0,1,95A7_2019-05-02_23-43-00_000_041,SAM_8581,SPECTRUM,RAW,,,2019-05-02 23:43:00,0,0,,,,,SAMIP Control,SAMIP_50DB,No Mission,1,0,1,,DLAB_2018-04-12_13-21-41_161_456,DLAB_2018-04-13_10-50-24_513_420,21.8665683323223,1,-14,16.45,4096,-1,0,+INF,0,1,0.108315219111311,65535,0,-NAN,$05 $00 Pixel,$03 $05 Intensity counts,$f0 $05 Error counts,$f1 $00 Status,2
254,1156,0,0,1,95A7_2019-05-02_23-43-00_000_041,SAM_8581,SPECTRUM,RAW,,,2019-05-02 23:43:00,0,0,,,,,SAMIP Control,SAMIP_50DB,No Mission,1,0,1,,DLAB_2018-04-12_13-21-41_161_456,DLAB_2018-04-13_10-50-24_513_420,21.8665683323223,1,-14,16.45,4096,-1,0,+INF,0,1,0.108315219111311,65535,0,-NAN,$05 $00 Pixel,$03 $05 Intensity counts,$f0 $05 Error counts,$f1 $00 Status,2
255,1242,0,0,1,95A7_2019-05-02_23-43-00_000_041,SAM_8581,SPECTRUM,RAW,,,2019-05-02 23:43:00,0,0,,,,,SAMIP Control,SAMIP_50DB,No Mission,1,0,1,,DLAB_2018-04-12_13-21-41_161_456,DLAB_2018-04-13_10-50-24_513_420,21.8665683323223,1,-14,16.45,4096,-1,0,+INF,0,1,0.108315219111311,65535,0,-NAN,$05 $00 Pixel,$03 $05 Intensity counts,$f0 $05 Error counts,$f1 $00 Status,2
